index_of_sample,name_of_src_file          ,type_of_measurement        ,used_algorithm    ,full_cost         ,hamiltonian_cycle_cost,best_way,best_way_is_optimal,absolute_distance_error,relative_distance_error,optimal_way,optimal_cost,suffix                                    ,parameters                                                                                                                             ,min_utilization_of_cpu                                                                                                                 ,avg_utilization_of_cpu,std_utilization_of_cpu,max_utilization_of_cpu,time_duration_is_sec ,used_memory_before_measurement_in_bytes,used_memory_peak_before_measurement_in_bytes,used_memory_after_measurement_in_bytes,used_memory_peak_after_measurement_in_bytes,used_memory_diff_before_after_measurement_in_bytes,used_memory_peak_diff_before_after_measurement_in_bytes
0              ,TSP_CITIES_SET_0_N_4.json ,CPU                        ,particle_swarm_tsp,                  ,                      ,[]      ,False              ,                       ,                       ,[]         ,            ,PSO_POP_100_ALPHA_0_5_BETA_0_4_NR_ITER_100,"{'suffix': 'PSO_POP_100_ALPHA_0_5_BETA_0_4_NR_ITER_100', 'size_of_population': 100, 'alpha': 0.5, 'beta': 0.4, 'max_iterations': 100}",12.5                                                                                                                                   ,12.5                  ,                      ,12.5                  ,0.003000020980834961 ,                                       ,                                            ,                                      ,                                           ,                                                  ,
1              ,TSP_CITIES_SET_1_N_4.json ,CPU                        ,particle_swarm_tsp,                  ,                      ,[]      ,False              ,                       ,                       ,[]         ,            ,PSO_POP_100_ALPHA_0_5_BETA_0_4_NR_ITER_100,"{'suffix': 'PSO_POP_100_ALPHA_0_5_BETA_0_4_NR_ITER_100', 'size_of_population': 100, 'alpha': 0.5, 'beta': 0.4, 'max_iterations': 100}",1.8                                                                                                                                    ,1.8                   ,                      ,1.8                   ,0.0029981136322021484,                                       ,                                            ,                                      ,                                           ,                                                  ,
2              ,TSP_CITIES_SET_2_N_4.json ,CPU                        ,particle_swarm_tsp,                  ,                      ,[]      ,False              ,                       ,                       ,[]         ,            ,PSO_POP_100_ALPHA_0_5_BETA_0_4_NR_ITER_100,"{'suffix': 'PSO_POP_100_ALPHA_0_5_BETA_0_4_NR_ITER_100', 'size_of_population': 100, 'alpha': 0.5, 'beta': 0.4, 'max_iterations': 100}",1.6                                                                                                                                    ,1.6                   ,                      ,1.6                   ,0.001979827880859375 ,                                       ,                                            ,                                      ,                                           ,                                                  ,
3              ,TSP_CITIES_SET_3_N_4.json ,CPU                        ,particle_swarm_tsp,                  ,                      ,[]      ,False              ,                       ,                       ,[]         ,            ,PSO_POP_100_ALPHA_0_5_BETA_0_4_NR_ITER_100,"{'suffix': 'PSO_POP_100_ALPHA_0_5_BETA_0_4_NR_ITER_100', 'size_of_population': 100, 'alpha': 0.5, 'beta': 0.4, 'max_iterations': 100}",1.8                                                                                                                                    ,1.8                   ,                      ,1.8                   ,0.0029981136322021484,                                       ,                                            ,                                      ,                                           ,                                                  ,
4              ,TSP_CITIES_SET_4_N_4.json ,CPU                        ,particle_swarm_tsp,                  ,                      ,[]      ,False              ,                       ,                       ,[]         ,            ,PSO_POP_100_ALPHA_0_5_BETA_0_4_NR_ITER_100,"{'suffix': 'PSO_POP_100_ALPHA_0_5_BETA_0_4_NR_ITER_100', 'size_of_population': 100, 'alpha': 0.5, 'beta': 0.4, 'max_iterations': 100}",11.5                                                                                                                                   ,11.5                  ,                      ,11.5                  ,0.003988742828369141 ,                                       ,                                            ,                                      ,                                           ,                                                  ,
5              ,TSP_CITIES_SET_5_N_4.json ,CPU                        ,particle_swarm_tsp,                  ,                      ,[]      ,False              ,                       ,                       ,[]         ,            ,PSO_POP_100_ALPHA_0_5_BETA_0_4_NR_ITER_100,"{'suffix': 'PSO_POP_100_ALPHA_0_5_BETA_0_4_NR_ITER_100', 'size_of_population': 100, 'alpha': 0.5, 'beta': 0.4, 'max_iterations': 100}",1.8                                                                                                                                    ,1.8                   ,                      ,1.8                   ,0.002997875213623047 ,                                       ,                                            ,                                      ,                                           ,                                                  ,
6              ,TSP_CITIES_SET_6_N_4.json ,CPU                        ,particle_swarm_tsp,                  ,                      ,[]      ,False              ,                       ,                       ,[]         ,            ,PSO_POP_100_ALPHA_0_5_BETA_0_4_NR_ITER_100,"{'suffix': 'PSO_POP_100_ALPHA_0_5_BETA_0_4_NR_ITER_100', 'size_of_population': 100, 'alpha': 0.5, 'beta': 0.4, 'max_iterations': 100}",16.0                                                                                                                                   ,16.0                  ,                      ,16.0                  ,0.0029904842376708984,                                       ,                                            ,                                      ,                                           ,                                                  ,
7              ,TSP_CITIES_SET_7_N_4.json ,CPU                        ,particle_swarm_tsp,                  ,                      ,[]      ,False              ,                       ,                       ,[]         ,            ,PSO_POP_100_ALPHA_0_5_BETA_0_4_NR_ITER_100,"{'suffix': 'PSO_POP_100_ALPHA_0_5_BETA_0_4_NR_ITER_100', 'size_of_population': 100, 'alpha': 0.5, 'beta': 0.4, 'max_iterations': 100}",0.0                                                                                                                                    ,0.0                   ,                      ,0.0                   ,0.002995729446411133 ,                                       ,                                            ,                                      ,                                           ,                                                  ,
8              ,TSP_CITIES_SET_8_N_4.json ,CPU                        ,particle_swarm_tsp,                  ,                      ,[]      ,False              ,                       ,                       ,[]         ,            ,PSO_POP_100_ALPHA_0_5_BETA_0_4_NR_ITER_100,"{'suffix': 'PSO_POP_100_ALPHA_0_5_BETA_0_4_NR_ITER_100', 'size_of_population': 100, 'alpha': 0.5, 'beta': 0.4, 'max_iterations': 100}",14.3                                                                                                                                   ,14.3                  ,                      ,14.3                  ,0.0                  ,                                       ,                                            ,                                      ,                                           ,                                                  ,
9              ,TSP_CITIES_SET_9_N_4.json ,CPU                        ,particle_swarm_tsp,                  ,                      ,[]      ,False              ,                       ,                       ,[]         ,            ,PSO_POP_100_ALPHA_0_5_BETA_0_4_NR_ITER_100,"{'suffix': 'PSO_POP_100_ALPHA_0_5_BETA_0_4_NR_ITER_100', 'size_of_population': 100, 'alpha': 0.5, 'beta': 0.4, 'max_iterations': 100}",5.3                                                                                                                                    ,5.3                   ,                      ,5.3                   ,0.002986669540405273 ,                                       ,                                            ,                                      ,                                           ,                                                  ,
10             ,TSP_CITIES_SET_10_N_4.json,CPU                        ,particle_swarm_tsp,                  ,                      ,[]      ,False              ,                       ,                       ,[]         ,            ,PSO_POP_100_ALPHA_0_5_BETA_0_4_NR_ITER_100,"{'suffix': 'PSO_POP_100_ALPHA_0_5_BETA_0_4_NR_ITER_100', 'size_of_population': 100, 'alpha': 0.5, 'beta': 0.4, 'max_iterations': 100}",12.5                                                                                                                                   ,12.5                  ,                      ,12.5                  ,0.002995729446411133 ,                                       ,                                            ,                                      ,                                           ,                                                  ,
11             ,TSP_CITIES_SET_11_N_4.json,CPU                        ,particle_swarm_tsp,                  ,                      ,[]      ,False              ,                       ,                       ,[]         ,            ,PSO_POP_100_ALPHA_0_5_BETA_0_4_NR_ITER_100,"{'suffix': 'PSO_POP_100_ALPHA_0_5_BETA_0_4_NR_ITER_100', 'size_of_population': 100, 'alpha': 0.5, 'beta': 0.4, 'max_iterations': 100}",0.0                                                                                                                                    ,0.0                   ,                      ,0.0                   ,0.002998828887939453 ,                                       ,                                            ,                                      ,                                           ,                                                  ,
12             ,TSP_CITIES_SET_12_N_4.json,CPU                        ,particle_swarm_tsp,                  ,                      ,[]      ,False              ,                       ,                       ,[]         ,            ,PSO_POP_100_ALPHA_0_5_BETA_0_4_NR_ITER_100,"{'suffix': 'PSO_POP_100_ALPHA_0_5_BETA_0_4_NR_ITER_100', 'size_of_population': 100, 'alpha': 0.5, 'beta': 0.4, 'max_iterations': 100}",11.7                                                                                                                                   ,11.7                  ,                      ,11.7                  ,0.00299835205078125  ,                                       ,                                            ,                                      ,                                           ,                                                  ,
13             ,TSP_CITIES_SET_13_N_4.json,CPU                        ,particle_swarm_tsp,                  ,                      ,[]      ,False              ,                       ,                       ,[]         ,            ,PSO_POP_100_ALPHA_0_5_BETA_0_4_NR_ITER_100,"{'suffix': 'PSO_POP_100_ALPHA_0_5_BETA_0_4_NR_ITER_100', 'size_of_population': 100, 'alpha': 0.5, 'beta': 0.4, 'max_iterations': 100}",0.0                                                                                                                                    ,0.0                   ,                      ,0.0                   ,0.002997875213623047 ,                                       ,                                            ,                                      ,                                           ,                                                  ,
14             ,TSP_CITIES_SET_14_N_4.json,CPU                        ,particle_swarm_tsp,                  ,                      ,[]      ,False              ,                       ,                       ,[]         ,            ,PSO_POP_100_ALPHA_0_5_BETA_0_4_NR_ITER_100,"{'suffix': 'PSO_POP_100_ALPHA_0_5_BETA_0_4_NR_ITER_100', 'size_of_population': 100, 'alpha': 0.5, 'beta': 0.4, 'max_iterations': 100}",12.1                                                                                                                                   ,12.1                  ,                      ,12.1                  ,0.004001379013061523 ,                                       ,                                            ,                                      ,                                           ,                                                  ,
15             ,TSP_CITIES_SET_15_N_4.json,CPU                        ,particle_swarm_tsp,                  ,                      ,[]      ,False              ,                       ,                       ,[]         ,            ,PSO_POP_100_ALPHA_0_5_BETA_0_4_NR_ITER_100,"{'suffix': 'PSO_POP_100_ALPHA_0_5_BETA_0_4_NR_ITER_100', 'size_of_population': 100, 'alpha': 0.5, 'beta': 0.4, 'max_iterations': 100}",1.6                                                                                                                                    ,1.6                   ,                      ,1.6                   ,0.0029735565185546875,                                       ,                                            ,                                      ,                                           ,                                                  ,
16             ,TSP_CITIES_SET_16_N_4.json,CPU                        ,particle_swarm_tsp,                  ,                      ,[]      ,False              ,                       ,                       ,[]         ,            ,PSO_POP_100_ALPHA_0_5_BETA_0_4_NR_ITER_100,"{'suffix': 'PSO_POP_100_ALPHA_0_5_BETA_0_4_NR_ITER_100', 'size_of_population': 100, 'alpha': 0.5, 'beta': 0.4, 'max_iterations': 100}",15.0                                                                                                                                   ,15.0                  ,                      ,15.0                  ,0.003999948501586914 ,                                       ,                                            ,                                      ,                                           ,                                                  ,
17             ,TSP_CITIES_SET_17_N_4.json,CPU                        ,particle_swarm_tsp,                  ,                      ,[]      ,False              ,                       ,                       ,[]         ,            ,PSO_POP_100_ALPHA_0_5_BETA_0_4_NR_ITER_100,"{'suffix': 'PSO_POP_100_ALPHA_0_5_BETA_0_4_NR_ITER_100', 'size_of_population': 100, 'alpha': 0.5, 'beta': 0.4, 'max_iterations': 100}",3.8                                                                                                                                    ,3.8                   ,                      ,3.8                   ,0.002999544143676758 ,                                       ,                                            ,                                      ,                                           ,                                                  ,
18             ,TSP_CITIES_SET_18_N_4.json,CPU                        ,particle_swarm_tsp,                  ,                      ,[]      ,False              ,                       ,                       ,[]         ,            ,PSO_POP_100_ALPHA_0_5_BETA_0_4_NR_ITER_100,"{'suffix': 'PSO_POP_100_ALPHA_0_5_BETA_0_4_NR_ITER_100', 'size_of_population': 100, 'alpha': 0.5, 'beta': 0.4, 'max_iterations': 100}",13.8                                                                                                                                   ,13.8                  ,                      ,13.8                  ,0.00299835205078125  ,                                       ,                                            ,                                      ,                                           ,                                                  ,
19             ,TSP_CITIES_SET_19_N_4.json,CPU                        ,particle_swarm_tsp,                  ,                      ,[]      ,False              ,                       ,                       ,[]         ,            ,PSO_POP_100_ALPHA_0_5_BETA_0_4_NR_ITER_100,"{'suffix': 'PSO_POP_100_ALPHA_0_5_BETA_0_4_NR_ITER_100', 'size_of_population': 100, 'alpha': 0.5, 'beta': 0.4, 'max_iterations': 100}",0.0                                                                                                                                    ,0.0                   ,                      ,0.0                   ,0.003002166748046875 ,                                       ,                                            ,                                      ,                                           ,                                                  ,
20             ,TSP_CITIES_SET_20_N_4.json,CPU                        ,particle_swarm_tsp,                  ,                      ,[]      ,False              ,                       ,                       ,[]         ,            ,PSO_POP_100_ALPHA_0_5_BETA_0_4_NR_ITER_100,"{'suffix': 'PSO_POP_100_ALPHA_0_5_BETA_0_4_NR_ITER_100', 'size_of_population': 100, 'alpha': 0.5, 'beta': 0.4, 'max_iterations': 100}",12.5                                                                                                                                   ,12.5                  ,                      ,12.5                  ,0.003997802734375    ,                                       ,                                            ,                                      ,                                           ,                                                  ,
21             ,TSP_CITIES_SET_21_N_4.json,CPU                        ,particle_swarm_tsp,                  ,                      ,[]      ,False              ,                       ,                       ,[]         ,            ,PSO_POP_100_ALPHA_0_5_BETA_0_4_NR_ITER_100,"{'suffix': 'PSO_POP_100_ALPHA_0_5_BETA_0_4_NR_ITER_100', 'size_of_population': 100, 'alpha': 0.5, 'beta': 0.4, 'max_iterations': 100}",0.0                                                                                                                                    ,0.0                   ,                      ,0.0                   ,0.00300288200378418  ,                                       ,                                            ,                                      ,                                           ,                                                  ,
22             ,TSP_CITIES_SET_22_N_4.json,CPU                        ,particle_swarm_tsp,                  ,                      ,[]      ,False              ,                       ,                       ,[]         ,            ,PSO_POP_100_ALPHA_0_5_BETA_0_4_NR_ITER_100,"{'suffix': 'PSO_POP_100_ALPHA_0_5_BETA_0_4_NR_ITER_100', 'size_of_population': 100, 'alpha': 0.5, 'beta': 0.4, 'max_iterations': 100}",0.0                                                                                                                                    ,0.0                   ,                      ,0.0                   ,0.002998828887939453 ,                                       ,                                            ,                                      ,                                           ,                                                  ,
23             ,TSP_CITIES_SET_23_N_4.json,CPU                        ,particle_swarm_tsp,                  ,                      ,[]      ,False              ,                       ,                       ,[]         ,            ,PSO_POP_100_ALPHA_0_5_BETA_0_4_NR_ITER_100,"{'suffix': 'PSO_POP_100_ALPHA_0_5_BETA_0_4_NR_ITER_100', 'size_of_population': 100, 'alpha': 0.5, 'beta': 0.4, 'max_iterations': 100}",0.0                                                                                                                                    ,0.0                   ,                      ,0.0                   ,0.002035856246948242 ,                                       ,                                            ,                                      ,                                           ,                                                  ,
24             ,TSP_CITIES_SET_24_N_4.json,CPU                        ,particle_swarm_tsp,                  ,                      ,[]      ,False              ,                       ,                       ,[]         ,            ,PSO_POP_100_ALPHA_0_5_BETA_0_4_NR_ITER_100,"{'suffix': 'PSO_POP_100_ALPHA_0_5_BETA_0_4_NR_ITER_100', 'size_of_population': 100, 'alpha': 0.5, 'beta': 0.4, 'max_iterations': 100}",0.0                                                                                                                                    ,0.0                   ,                      ,0.0                   ,0.002999544143676758 ,                                       ,                                            ,                                      ,                                           ,                                                  ,
25             ,TSP_CITIES_SET_25_N_4.json,CPU                        ,particle_swarm_tsp,                  ,                      ,[]      ,False              ,                       ,                       ,[]         ,            ,PSO_POP_100_ALPHA_0_5_BETA_0_4_NR_ITER_100,"{'suffix': 'PSO_POP_100_ALPHA_0_5_BETA_0_4_NR_ITER_100', 'size_of_population': 100, 'alpha': 0.5, 'beta': 0.4, 'max_iterations': 100}",2.1                                                                                                                                    ,2.1                   ,                      ,2.1                   ,0.004033803939819336 ,                                       ,                                            ,                                      ,                                           ,                                                  ,
26             ,TSP_CITIES_SET_26_N_4.json,CPU                        ,particle_swarm_tsp,                  ,                      ,[]      ,False              ,                       ,                       ,[]         ,            ,PSO_POP_100_ALPHA_0_5_BETA_0_4_NR_ITER_100,"{'suffix': 'PSO_POP_100_ALPHA_0_5_BETA_0_4_NR_ITER_100', 'size_of_population': 100, 'alpha': 0.5, 'beta': 0.4, 'max_iterations': 100}",3.6                                                                                                                                    ,3.6                   ,                      ,3.6                   ,0.004003763198852539 ,                                       ,                                            ,                                      ,                                           ,                                                  ,
27             ,TSP_CITIES_SET_27_N_4.json,CPU                        ,particle_swarm_tsp,                  ,                      ,[]      ,False              ,                       ,                       ,[]         ,            ,PSO_POP_100_ALPHA_0_5_BETA_0_4_NR_ITER_100,"{'suffix': 'PSO_POP_100_ALPHA_0_5_BETA_0_4_NR_ITER_100', 'size_of_population': 100, 'alpha': 0.5, 'beta': 0.4, 'max_iterations': 100}",3.6                                                                                                                                    ,3.6                   ,                      ,3.6                   ,0.002997875213623047 ,                                       ,                                            ,                                      ,                                           ,                                                  ,
28             ,TSP_CITIES_SET_28_N_4.json,CPU                        ,particle_swarm_tsp,                  ,                      ,[]      ,False              ,                       ,                       ,[]         ,            ,PSO_POP_100_ALPHA_0_5_BETA_0_4_NR_ITER_100,"{'suffix': 'PSO_POP_100_ALPHA_0_5_BETA_0_4_NR_ITER_100', 'size_of_population': 100, 'alpha': 0.5, 'beta': 0.4, 'max_iterations': 100}",0.0                                                                                                                                    ,0.0                   ,                      ,0.0                   ,0.0                  ,                                       ,                                            ,                                      ,                                           ,                                                  ,
29             ,TSP_CITIES_SET_29_N_4.json,CPU                        ,particle_swarm_tsp,                  ,                      ,[]      ,False              ,                       ,                       ,[]         ,            ,PSO_POP_100_ALPHA_0_5_BETA_0_4_NR_ITER_100,"{'suffix': 'PSO_POP_100_ALPHA_0_5_BETA_0_4_NR_ITER_100', 'size_of_population': 100, 'alpha': 0.5, 'beta': 0.4, 'max_iterations': 100}",3.6                                                                                                                                    ,3.6                   ,                      ,3.6                   ,0.002034425735473633 ,                                       ,                                            ,                                      ,                                           ,                                                  ,
30             ,TSP_CITIES_SET_30_N_4.json,CPU                        ,particle_swarm_tsp,                  ,                      ,[]      ,False              ,                       ,                       ,[]         ,            ,PSO_POP_100_ALPHA_0_5_BETA_0_4_NR_ITER_100,"{'suffix': 'PSO_POP_100_ALPHA_0_5_BETA_0_4_NR_ITER_100', 'size_of_population': 100, 'alpha': 0.5, 'beta': 0.4, 'max_iterations': 100}",4.7                                                                                                                                    ,4.7                   ,                      ,4.7                   ,0.003000020980834961 ,                                       ,                                            ,                                      ,                                           ,                                                  ,
31             ,TSP_CITIES_SET_31_N_4.json,CPU                        ,particle_swarm_tsp,                  ,                      ,[]      ,False              ,                       ,                       ,[]         ,            ,PSO_POP_100_ALPHA_0_5_BETA_0_4_NR_ITER_100,"{'suffix': 'PSO_POP_100_ALPHA_0_5_BETA_0_4_NR_ITER_100', 'size_of_population': 100, 'alpha': 0.5, 'beta': 0.4, 'max_iterations': 100}",3.6                                                                                                                                    ,3.6                   ,                      ,3.6                   ,0.002997636795043945 ,                                       ,                                            ,                                      ,                                           ,                                                  ,
32             ,TSP_CITIES_SET_32_N_4.json,CPU                        ,particle_swarm_tsp,                  ,                      ,[]      ,False              ,                       ,                       ,[]         ,            ,PSO_POP_100_ALPHA_0_5_BETA_0_4_NR_ITER_100,"{'suffix': 'PSO_POP_100_ALPHA_0_5_BETA_0_4_NR_ITER_100', 'size_of_population': 100, 'alpha': 0.5, 'beta': 0.4, 'max_iterations': 100}",21.8                                                                                                                                   ,21.8                  ,                      ,21.8                  ,0.002998590469360352 ,                                       ,                                            ,                                      ,                                           ,                                                  ,
33             ,TSP_CITIES_SET_33_N_4.json,CPU                        ,particle_swarm_tsp,                  ,                      ,[]      ,False              ,                       ,                       ,[]         ,            ,PSO_POP_100_ALPHA_0_5_BETA_0_4_NR_ITER_100,"{'suffix': 'PSO_POP_100_ALPHA_0_5_BETA_0_4_NR_ITER_100', 'size_of_population': 100, 'alpha': 0.5, 'beta': 0.4, 'max_iterations': 100}",0.0                                                                                                                                    ,0.0                   ,                      ,0.0                   ,0.002998590469360352 ,                                       ,                                            ,                                      ,                                           ,                                                  ,
34             ,TSP_CITIES_SET_34_N_4.json,CPU                        ,particle_swarm_tsp,                  ,                      ,[]      ,False              ,                       ,                       ,[]         ,            ,PSO_POP_100_ALPHA_0_5_BETA_0_4_NR_ITER_100,"{'suffix': 'PSO_POP_100_ALPHA_0_5_BETA_0_4_NR_ITER_100', 'size_of_population': 100, 'alpha': 0.5, 'beta': 0.4, 'max_iterations': 100}",3.8                                                                                                                                    ,3.8                   ,                      ,3.8                   ,0.0020384788513183594,                                       ,                                            ,                                      ,                                           ,                                                  ,
35             ,TSP_CITIES_SET_35_N_4.json,CPU                        ,particle_swarm_tsp,                  ,                      ,[]      ,False              ,                       ,                       ,[]         ,            ,PSO_POP_100_ALPHA_0_5_BETA_0_4_NR_ITER_100,"{'suffix': 'PSO_POP_100_ALPHA_0_5_BETA_0_4_NR_ITER_100', 'size_of_population': 100, 'alpha': 0.5, 'beta': 0.4, 'max_iterations': 100}",1.6                                                                                                                                    ,1.6                   ,                      ,1.6                   ,0.0033915042877197266,                                       ,                                            ,                                      ,                                           ,                                                  ,
36             ,TSP_CITIES_SET_36_N_4.json,CPU                        ,particle_swarm_tsp,                  ,                      ,[]      ,False              ,                       ,                       ,[]         ,            ,PSO_POP_100_ALPHA_0_5_BETA_0_4_NR_ITER_100,"{'suffix': 'PSO_POP_100_ALPHA_0_5_BETA_0_4_NR_ITER_100', 'size_of_population': 100, 'alpha': 0.5, 'beta': 0.4, 'max_iterations': 100}",0.0                                                                                                                                    ,0.0                   ,                      ,0.0                   ,0.0030035972595214844,                                       ,                                            ,                                      ,                                           ,                                                  ,
37             ,TSP_CITIES_SET_37_N_4.json,CPU                        ,particle_swarm_tsp,                  ,                      ,[]      ,False              ,                       ,                       ,[]         ,            ,PSO_POP_100_ALPHA_0_5_BETA_0_4_NR_ITER_100,"{'suffix': 'PSO_POP_100_ALPHA_0_5_BETA_0_4_NR_ITER_100', 'size_of_population': 100, 'alpha': 0.5, 'beta': 0.4, 'max_iterations': 100}",1.8                                                                                                                                    ,1.8                   ,                      ,1.8                   ,0.002999544143676758 ,                                       ,                                            ,                                      ,                                           ,                                                  ,
38             ,TSP_CITIES_SET_38_N_4.json,CPU                        ,particle_swarm_tsp,                  ,                      ,[]      ,False              ,                       ,                       ,[]         ,            ,PSO_POP_100_ALPHA_0_5_BETA_0_4_NR_ITER_100,"{'suffix': 'PSO_POP_100_ALPHA_0_5_BETA_0_4_NR_ITER_100', 'size_of_population': 100, 'alpha': 0.5, 'beta': 0.4, 'max_iterations': 100}",0.0                                                                                                                                    ,0.0                   ,                      ,0.0                   ,0.002999544143676758 ,                                       ,                                            ,                                      ,                                           ,                                                  ,
39             ,TSP_CITIES_SET_39_N_4.json,CPU                        ,particle_swarm_tsp,                  ,                      ,[]      ,False              ,                       ,                       ,[]         ,            ,PSO_POP_100_ALPHA_0_5_BETA_0_4_NR_ITER_100,"{'suffix': 'PSO_POP_100_ALPHA_0_5_BETA_0_4_NR_ITER_100', 'size_of_population': 100, 'alpha': 0.5, 'beta': 0.4, 'max_iterations': 100}",0.0                                                                                                                                    ,0.0                   ,                      ,0.0                   ,0.00298762321472168  ,                                       ,                                            ,                                      ,                                           ,                                                  ,
40             ,TSP_CITIES_SET_40_N_4.json,CPU                        ,particle_swarm_tsp,                  ,                      ,[]      ,False              ,                       ,                       ,[]         ,            ,PSO_POP_100_ALPHA_0_5_BETA_0_4_NR_ITER_100,"{'suffix': 'PSO_POP_100_ALPHA_0_5_BETA_0_4_NR_ITER_100', 'size_of_population': 100, 'alpha': 0.5, 'beta': 0.4, 'max_iterations': 100}",0.0                                                                                                                                    ,0.0                   ,                      ,0.0                   ,0.002999067306518555 ,                                       ,                                            ,                                      ,                                           ,                                                  ,
41             ,TSP_CITIES_SET_41_N_4.json,CPU                        ,particle_swarm_tsp,                  ,                      ,[]      ,False              ,                       ,                       ,[]         ,            ,PSO_POP_100_ALPHA_0_5_BETA_0_4_NR_ITER_100,"{'suffix': 'PSO_POP_100_ALPHA_0_5_BETA_0_4_NR_ITER_100', 'size_of_population': 100, 'alpha': 0.5, 'beta': 0.4, 'max_iterations': 100}",0.0                                                                                                                                    ,0.0                   ,                      ,0.0                   ,0.002958059310913086 ,                                       ,                                            ,                                      ,                                           ,                                                  ,
42             ,TSP_CITIES_SET_42_N_4.json,CPU                        ,particle_swarm_tsp,                  ,                      ,[]      ,False              ,                       ,                       ,[]         ,            ,PSO_POP_100_ALPHA_0_5_BETA_0_4_NR_ITER_100,"{'suffix': 'PSO_POP_100_ALPHA_0_5_BETA_0_4_NR_ITER_100', 'size_of_population': 100, 'alpha': 0.5, 'beta': 0.4, 'max_iterations': 100}",0.0                                                                                                                                    ,0.0                   ,                      ,0.0                   ,0.002999067306518555 ,                                       ,                                            ,                                      ,                                           ,                                                  ,
43             ,TSP_CITIES_SET_43_N_4.json,CPU                        ,particle_swarm_tsp,                  ,                      ,[]      ,False              ,                       ,                       ,[]         ,            ,PSO_POP_100_ALPHA_0_5_BETA_0_4_NR_ITER_100,"{'suffix': 'PSO_POP_100_ALPHA_0_5_BETA_0_4_NR_ITER_100', 'size_of_population': 100, 'alpha': 0.5, 'beta': 0.4, 'max_iterations': 100}",12.3                                                                                                                                   ,12.3                  ,                      ,12.3                  ,0.002998828887939453 ,                                       ,                                            ,                                      ,                                           ,                                                  ,
44             ,TSP_CITIES_SET_44_N_4.json,CPU                        ,particle_swarm_tsp,                  ,                      ,[]      ,False              ,                       ,                       ,[]         ,            ,PSO_POP_100_ALPHA_0_5_BETA_0_4_NR_ITER_100,"{'suffix': 'PSO_POP_100_ALPHA_0_5_BETA_0_4_NR_ITER_100', 'size_of_population': 100, 'alpha': 0.5, 'beta': 0.4, 'max_iterations': 100}",1.8                                                                                                                                    ,1.8                   ,                      ,1.8                   ,0.002999067306518555 ,                                       ,                                            ,                                      ,                                           ,                                                  ,
45             ,TSP_CITIES_SET_45_N_4.json,CPU                        ,particle_swarm_tsp,                  ,                      ,[]      ,False              ,                       ,                       ,[]         ,            ,PSO_POP_100_ALPHA_0_5_BETA_0_4_NR_ITER_100,"{'suffix': 'PSO_POP_100_ALPHA_0_5_BETA_0_4_NR_ITER_100', 'size_of_population': 100, 'alpha': 0.5, 'beta': 0.4, 'max_iterations': 100}",14.3                                                                                                                                   ,14.3                  ,                      ,14.3                  ,0.00298762321472168  ,                                       ,                                            ,                                      ,                                           ,                                                  ,
46             ,TSP_CITIES_SET_46_N_4.json,CPU                        ,particle_swarm_tsp,                  ,                      ,[]      ,False              ,                       ,                       ,[]         ,            ,PSO_POP_100_ALPHA_0_5_BETA_0_4_NR_ITER_100,"{'suffix': 'PSO_POP_100_ALPHA_0_5_BETA_0_4_NR_ITER_100', 'size_of_population': 100, 'alpha': 0.5, 'beta': 0.4, 'max_iterations': 100}",1.9                                                                                                                                    ,1.9                   ,                      ,1.9                   ,0.003000020980834961 ,                                       ,                                            ,                                      ,                                           ,                                                  ,
47             ,TSP_CITIES_SET_47_N_4.json,CPU                        ,particle_swarm_tsp,                  ,                      ,[]      ,False              ,                       ,                       ,[]         ,            ,PSO_POP_100_ALPHA_0_5_BETA_0_4_NR_ITER_100,"{'suffix': 'PSO_POP_100_ALPHA_0_5_BETA_0_4_NR_ITER_100', 'size_of_population': 100, 'alpha': 0.5, 'beta': 0.4, 'max_iterations': 100}",0.0                                                                                                                                    ,0.0                   ,                      ,0.0                   ,0.00299835205078125  ,                                       ,                                            ,                                      ,                                           ,                                                  ,
48             ,TSP_CITIES_SET_48_N_4.json,CPU                        ,particle_swarm_tsp,                  ,                      ,[]      ,False              ,                       ,                       ,[]         ,            ,PSO_POP_100_ALPHA_0_5_BETA_0_4_NR_ITER_100,"{'suffix': 'PSO_POP_100_ALPHA_0_5_BETA_0_4_NR_ITER_100', 'size_of_population': 100, 'alpha': 0.5, 'beta': 0.4, 'max_iterations': 100}",0.0                                                                                                                                    ,0.0                   ,                      ,0.0                   ,0.003014564514160156 ,                                       ,                                            ,                                      ,                                           ,                                                  ,
49             ,TSP_CITIES_SET_49_N_4.json,CPU                        ,particle_swarm_tsp,                  ,                      ,[]      ,False              ,                       ,                       ,[]         ,            ,PSO_POP_100_ALPHA_0_5_BETA_0_4_NR_ITER_100,"{'suffix': 'PSO_POP_100_ALPHA_0_5_BETA_0_4_NR_ITER_100', 'size_of_population': 100, 'alpha': 0.5, 'beta': 0.4, 'max_iterations': 100}",4.7                                                                                                                                    ,4.7                   ,                      ,4.7                   ,0.0029981136322021484,                                       ,                                            ,                                      ,                                           ,                                                  ,
50             ,TSP_CITIES_SET_50_N_4.json,CPU                        ,particle_swarm_tsp,                  ,                      ,[]      ,False              ,                       ,                       ,[]         ,            ,PSO_POP_100_ALPHA_0_5_BETA_0_4_NR_ITER_100,"{'suffix': 'PSO_POP_100_ALPHA_0_5_BETA_0_4_NR_ITER_100', 'size_of_population': 100, 'alpha': 0.5, 'beta': 0.4, 'max_iterations': 100}",0.0                                                                                                                                    ,0.0                   ,                      ,0.0                   ,0.002998828887939453 ,                                       ,                                            ,                                      ,                                           ,                                                  ,
51             ,TSP_CITIES_SET_51_N_4.json,CPU                        ,particle_swarm_tsp,                  ,                      ,[]      ,False              ,                       ,                       ,[]         ,            ,PSO_POP_100_ALPHA_0_5_BETA_0_4_NR_ITER_100,"{'suffix': 'PSO_POP_100_ALPHA_0_5_BETA_0_4_NR_ITER_100', 'size_of_population': 100, 'alpha': 0.5, 'beta': 0.4, 'max_iterations': 100}",1.8                                                                                                                                    ,1.8                   ,                      ,1.8                   ,0.0                  ,                                       ,                                            ,                                      ,                                           ,                                                  ,
52             ,TSP_CITIES_SET_52_N_4.json,CPU                        ,particle_swarm_tsp,                  ,                      ,[]      ,False              ,                       ,                       ,[]         ,            ,PSO_POP_100_ALPHA_0_5_BETA_0_4_NR_ITER_100,"{'suffix': 'PSO_POP_100_ALPHA_0_5_BETA_0_4_NR_ITER_100', 'size_of_population': 100, 'alpha': 0.5, 'beta': 0.4, 'max_iterations': 100}",3.4                                                                                                                                    ,3.4                   ,                      ,3.4                   ,0.0029997825622558594,                                       ,                                            ,                                      ,                                           ,                                                  ,
53             ,TSP_CITIES_SET_53_N_4.json,CPU                        ,particle_swarm_tsp,                  ,                      ,[]      ,False              ,                       ,                       ,[]         ,            ,PSO_POP_100_ALPHA_0_5_BETA_0_4_NR_ITER_100,"{'suffix': 'PSO_POP_100_ALPHA_0_5_BETA_0_4_NR_ITER_100', 'size_of_population': 100, 'alpha': 0.5, 'beta': 0.4, 'max_iterations': 100}",0.0                                                                                                                                    ,0.0                   ,                      ,0.0                   ,0.0029981136322021484,                                       ,                                            ,                                      ,                                           ,                                                  ,
54             ,TSP_CITIES_SET_54_N_4.json,CPU                        ,particle_swarm_tsp,                  ,                      ,[]      ,False              ,                       ,                       ,[]         ,            ,PSO_POP_100_ALPHA_0_5_BETA_0_4_NR_ITER_100,"{'suffix': 'PSO_POP_100_ALPHA_0_5_BETA_0_4_NR_ITER_100', 'size_of_population': 100, 'alpha': 0.5, 'beta': 0.4, 'max_iterations': 100}",0.0                                                                                                                                    ,0.0                   ,                      ,0.0                   ,0.003002643585205078 ,                                       ,                                            ,                                      ,                                           ,                                                  ,
55             ,TSP_CITIES_SET_55_N_4.json,CPU                        ,particle_swarm_tsp,                  ,                      ,[]      ,False              ,                       ,                       ,[]         ,            ,PSO_POP_100_ALPHA_0_5_BETA_0_4_NR_ITER_100,"{'suffix': 'PSO_POP_100_ALPHA_0_5_BETA_0_4_NR_ITER_100', 'size_of_population': 100, 'alpha': 0.5, 'beta': 0.4, 'max_iterations': 100}",0.0                                                                                                                                    ,0.0                   ,                      ,0.0                   ,0.001997709274291992 ,                                       ,                                            ,                                      ,                                           ,                                                  ,
56             ,TSP_CITIES_SET_56_N_4.json,CPU                        ,particle_swarm_tsp,                  ,                      ,[]      ,False              ,                       ,                       ,[]         ,            ,PSO_POP_100_ALPHA_0_5_BETA_0_4_NR_ITER_100,"{'suffix': 'PSO_POP_100_ALPHA_0_5_BETA_0_4_NR_ITER_100', 'size_of_population': 100, 'alpha': 0.5, 'beta': 0.4, 'max_iterations': 100}",0.0                                                                                                                                    ,0.0                   ,                      ,0.0                   ,0.002999067306518555 ,                                       ,                                            ,                                      ,                                           ,                                                  ,
57             ,TSP_CITIES_SET_57_N_4.json,CPU                        ,particle_swarm_tsp,                  ,                      ,[]      ,False              ,                       ,                       ,[]         ,            ,PSO_POP_100_ALPHA_0_5_BETA_0_4_NR_ITER_100,"{'suffix': 'PSO_POP_100_ALPHA_0_5_BETA_0_4_NR_ITER_100', 'size_of_population': 100, 'alpha': 0.5, 'beta': 0.4, 'max_iterations': 100}",0.0                                                                                                                                    ,0.0                   ,                      ,0.0                   ,0.002000570297241211 ,                                       ,                                            ,                                      ,                                           ,                                                  ,
58             ,TSP_CITIES_SET_58_N_4.json,CPU                        ,particle_swarm_tsp,                  ,                      ,[]      ,False              ,                       ,                       ,[]         ,            ,PSO_POP_100_ALPHA_0_5_BETA_0_4_NR_ITER_100,"{'suffix': 'PSO_POP_100_ALPHA_0_5_BETA_0_4_NR_ITER_100', 'size_of_population': 100, 'alpha': 0.5, 'beta': 0.4, 'max_iterations': 100}",1.6                                                                                                                                    ,1.6                   ,                      ,1.6                   ,0.0029981136322021484,                                       ,                                            ,                                      ,                                           ,                                                  ,
59             ,TSP_CITIES_SET_59_N_4.json,CPU                        ,particle_swarm_tsp,                  ,                      ,[]      ,False              ,                       ,                       ,[]         ,            ,PSO_POP_100_ALPHA_0_5_BETA_0_4_NR_ITER_100,"{'suffix': 'PSO_POP_100_ALPHA_0_5_BETA_0_4_NR_ITER_100', 'size_of_population': 100, 'alpha': 0.5, 'beta': 0.4, 'max_iterations': 100}",0.0                                                                                                                                    ,0.0                   ,                      ,0.0                   ,0.002998828887939453 ,                                       ,                                            ,                                      ,                                           ,                                                  ,
60             ,TSP_CITIES_SET_60_N_4.json,CPU                        ,particle_swarm_tsp,                  ,                      ,[]      ,False              ,                       ,                       ,[]         ,            ,PSO_POP_100_ALPHA_0_5_BETA_0_4_NR_ITER_100,"{'suffix': 'PSO_POP_100_ALPHA_0_5_BETA_0_4_NR_ITER_100', 'size_of_population': 100, 'alpha': 0.5, 'beta': 0.4, 'max_iterations': 100}",0.0                                                                                                                                    ,0.0                   ,                      ,0.0                   ,0.0029854774475097656,                                       ,                                            ,                                      ,                                           ,                                                  ,
61             ,TSP_CITIES_SET_61_N_4.json,CPU                        ,particle_swarm_tsp,                  ,                      ,[]      ,False              ,                       ,                       ,[]         ,            ,PSO_POP_100_ALPHA_0_5_BETA_0_4_NR_ITER_100,"{'suffix': 'PSO_POP_100_ALPHA_0_5_BETA_0_4_NR_ITER_100', 'size_of_population': 100, 'alpha': 0.5, 'beta': 0.4, 'max_iterations': 100}",0.0                                                                                                                                    ,0.0                   ,                      ,0.0                   ,0.003998279571533203 ,                                       ,                                            ,                                      ,                                           ,                                                  ,
62             ,TSP_CITIES_SET_62_N_4.json,CPU                        ,particle_swarm_tsp,                  ,                      ,[]      ,False              ,                       ,                       ,[]         ,            ,PSO_POP_100_ALPHA_0_5_BETA_0_4_NR_ITER_100,"{'suffix': 'PSO_POP_100_ALPHA_0_5_BETA_0_4_NR_ITER_100', 'size_of_population': 100, 'alpha': 0.5, 'beta': 0.4, 'max_iterations': 100}",11.8                                                                                                                                   ,11.8                  ,                      ,11.8                  ,0.003002643585205078 ,                                       ,                                            ,                                      ,                                           ,                                                  ,
63             ,TSP_CITIES_SET_63_N_4.json,CPU                        ,particle_swarm_tsp,                  ,                      ,[]      ,False              ,                       ,                       ,[]         ,            ,PSO_POP_100_ALPHA_0_5_BETA_0_4_NR_ITER_100,"{'suffix': 'PSO_POP_100_ALPHA_0_5_BETA_0_4_NR_ITER_100', 'size_of_population': 100, 'alpha': 0.5, 'beta': 0.4, 'max_iterations': 100}",1.8                                                                                                                                    ,1.8                   ,                      ,1.8                   ,0.002983331680297852 ,                                       ,                                            ,                                      ,                                           ,                                                  ,
64             ,TSP_CITIES_SET_64_N_4.json,CPU                        ,particle_swarm_tsp,                  ,                      ,[]      ,False              ,                       ,                       ,[]         ,            ,PSO_POP_100_ALPHA_0_5_BETA_0_4_NR_ITER_100,"{'suffix': 'PSO_POP_100_ALPHA_0_5_BETA_0_4_NR_ITER_100', 'size_of_population': 100, 'alpha': 0.5, 'beta': 0.4, 'max_iterations': 100}",14.3                                                                                                                                   ,14.3                  ,                      ,14.3                  ,0.00299835205078125  ,                                       ,                                            ,                                      ,                                           ,                                                  ,
65             ,TSP_CITIES_SET_65_N_4.json,CPU                        ,particle_swarm_tsp,                  ,                      ,[]      ,False              ,                       ,                       ,[]         ,            ,PSO_POP_100_ALPHA_0_5_BETA_0_4_NR_ITER_100,"{'suffix': 'PSO_POP_100_ALPHA_0_5_BETA_0_4_NR_ITER_100', 'size_of_population': 100, 'alpha': 0.5, 'beta': 0.4, 'max_iterations': 100}",0.0                                                                                                                                    ,0.0                   ,                      ,0.0                   ,0.001980304718017578 ,                                       ,                                            ,                                      ,                                           ,                                                  ,
66             ,TSP_CITIES_SET_66_N_4.json,CPU                        ,particle_swarm_tsp,                  ,                      ,[]      ,False              ,                       ,                       ,[]         ,            ,PSO_POP_100_ALPHA_0_5_BETA_0_4_NR_ITER_100,"{'suffix': 'PSO_POP_100_ALPHA_0_5_BETA_0_4_NR_ITER_100', 'size_of_population': 100, 'alpha': 0.5, 'beta': 0.4, 'max_iterations': 100}",0.0                                                                                                                                    ,0.0                   ,                      ,0.0                   ,0.002996683120727539 ,                                       ,                                            ,                                      ,                                           ,                                                  ,
67             ,TSP_CITIES_SET_67_N_4.json,CPU                        ,particle_swarm_tsp,                  ,                      ,[]      ,False              ,                       ,                       ,[]         ,            ,PSO_POP_100_ALPHA_0_5_BETA_0_4_NR_ITER_100,"{'suffix': 'PSO_POP_100_ALPHA_0_5_BETA_0_4_NR_ITER_100', 'size_of_population': 100, 'alpha': 0.5, 'beta': 0.4, 'max_iterations': 100}",0.0                                                                                                                                    ,0.0                   ,                      ,0.0                   ,0.001998424530029297 ,                                       ,                                            ,                                      ,                                           ,                                                  ,
68             ,TSP_CITIES_SET_68_N_4.json,CPU                        ,particle_swarm_tsp,                  ,                      ,[]      ,False              ,                       ,                       ,[]         ,            ,PSO_POP_100_ALPHA_0_5_BETA_0_4_NR_ITER_100,"{'suffix': 'PSO_POP_100_ALPHA_0_5_BETA_0_4_NR_ITER_100', 'size_of_population': 100, 'alpha': 0.5, 'beta': 0.4, 'max_iterations': 100}",0.0                                                                                                                                    ,0.0                   ,                      ,0.0                   ,0.002998828887939453 ,                                       ,                                            ,                                      ,                                           ,                                                  ,
69             ,TSP_CITIES_SET_69_N_4.json,CPU                        ,particle_swarm_tsp,                  ,                      ,[]      ,False              ,                       ,                       ,[]         ,            ,PSO_POP_100_ALPHA_0_5_BETA_0_4_NR_ITER_100,"{'suffix': 'PSO_POP_100_ALPHA_0_5_BETA_0_4_NR_ITER_100', 'size_of_population': 100, 'alpha': 0.5, 'beta': 0.4, 'max_iterations': 100}",12.5                                                                                                                                   ,12.5                  ,                      ,12.5                  ,0.003042697906494141 ,                                       ,                                            ,                                      ,                                           ,                                                  ,
70             ,TSP_CITIES_SET_70_N_4.json,CPU                        ,particle_swarm_tsp,                  ,                      ,[]      ,False              ,                       ,                       ,[]         ,            ,PSO_POP_100_ALPHA_0_5_BETA_0_4_NR_ITER_100,"{'suffix': 'PSO_POP_100_ALPHA_0_5_BETA_0_4_NR_ITER_100', 'size_of_population': 100, 'alpha': 0.5, 'beta': 0.4, 'max_iterations': 100}",5.5                                                                                                                                    ,5.5                   ,                      ,5.5                   ,0.003999233245849609 ,                                       ,                                            ,                                      ,                                           ,                                                  ,
71             ,TSP_CITIES_SET_71_N_4.json,CPU                        ,particle_swarm_tsp,                  ,                      ,[]      ,False              ,                       ,                       ,[]         ,            ,PSO_POP_100_ALPHA_0_5_BETA_0_4_NR_ITER_100,"{'suffix': 'PSO_POP_100_ALPHA_0_5_BETA_0_4_NR_ITER_100', 'size_of_population': 100, 'alpha': 0.5, 'beta': 0.4, 'max_iterations': 100}",12.5                                                                                                                                   ,12.5                  ,                      ,12.5                  ,0.0019979476928710933,                                       ,                                            ,                                      ,                                           ,                                                  ,
72             ,TSP_CITIES_SET_72_N_4.json,CPU                        ,particle_swarm_tsp,                  ,                      ,[]      ,False              ,                       ,                       ,[]         ,            ,PSO_POP_100_ALPHA_0_5_BETA_0_4_NR_ITER_100,"{'suffix': 'PSO_POP_100_ALPHA_0_5_BETA_0_4_NR_ITER_100', 'size_of_population': 100, 'alpha': 0.5, 'beta': 0.4, 'max_iterations': 100}",28.1                                                                                                                                   ,28.1                  ,                      ,28.1                  ,0.002999544143676758 ,                                       ,                                            ,                                      ,                                           ,                                                  ,
73             ,TSP_CITIES_SET_73_N_4.json,CPU                        ,particle_swarm_tsp,                  ,                      ,[]      ,False              ,                       ,                       ,[]         ,            ,PSO_POP_100_ALPHA_0_5_BETA_0_4_NR_ITER_100,"{'suffix': 'PSO_POP_100_ALPHA_0_5_BETA_0_4_NR_ITER_100', 'size_of_population': 100, 'alpha': 0.5, 'beta': 0.4, 'max_iterations': 100}",12.5                                                                                                                                   ,12.5                  ,                      ,12.5                  ,0.002999305725097656 ,                                       ,                                            ,                                      ,                                           ,                                                  ,
74             ,TSP_CITIES_SET_74_N_4.json,CPU                        ,particle_swarm_tsp,                  ,                      ,[]      ,False              ,                       ,                       ,[]         ,            ,PSO_POP_100_ALPHA_0_5_BETA_0_4_NR_ITER_100,"{'suffix': 'PSO_POP_100_ALPHA_0_5_BETA_0_4_NR_ITER_100', 'size_of_population': 100, 'alpha': 0.5, 'beta': 0.4, 'max_iterations': 100}",0.0                                                                                                                                    ,0.0                   ,                      ,0.0                   ,0.002997875213623047 ,                                       ,                                            ,                                      ,                                           ,                                                  ,
75             ,TSP_CITIES_SET_75_N_4.json,CPU                        ,particle_swarm_tsp,                  ,                      ,[]      ,False              ,                       ,                       ,[]         ,            ,PSO_POP_100_ALPHA_0_5_BETA_0_4_NR_ITER_100,"{'suffix': 'PSO_POP_100_ALPHA_0_5_BETA_0_4_NR_ITER_100', 'size_of_population': 100, 'alpha': 0.5, 'beta': 0.4, 'max_iterations': 100}",0.0                                                                                                                                    ,0.0                   ,                      ,0.0                   ,0.002035379409790039 ,                                       ,                                            ,                                      ,                                           ,                                                  ,
76             ,TSP_CITIES_SET_76_N_4.json,CPU                        ,particle_swarm_tsp,                  ,                      ,[]      ,False              ,                       ,                       ,[]         ,            ,PSO_POP_100_ALPHA_0_5_BETA_0_4_NR_ITER_100,"{'suffix': 'PSO_POP_100_ALPHA_0_5_BETA_0_4_NR_ITER_100', 'size_of_population': 100, 'alpha': 0.5, 'beta': 0.4, 'max_iterations': 100}",0.0                                                                                                                                    ,0.0                   ,                      ,0.0                   ,0.0029828548431396484,                                       ,                                            ,                                      ,                                           ,                                                  ,
77             ,TSP_CITIES_SET_77_N_4.json,CPU                        ,particle_swarm_tsp,                  ,                      ,[]      ,False              ,                       ,                       ,[]         ,            ,PSO_POP_100_ALPHA_0_5_BETA_0_4_NR_ITER_100,"{'suffix': 'PSO_POP_100_ALPHA_0_5_BETA_0_4_NR_ITER_100', 'size_of_population': 100, 'alpha': 0.5, 'beta': 0.4, 'max_iterations': 100}",1.8                                                                                                                                    ,1.8                   ,                      ,1.8                   ,0.0020003318786621094,                                       ,                                            ,                                      ,                                           ,                                                  ,
78             ,TSP_CITIES_SET_78_N_4.json,CPU                        ,particle_swarm_tsp,                  ,                      ,[]      ,False              ,                       ,                       ,[]         ,            ,PSO_POP_100_ALPHA_0_5_BETA_0_4_NR_ITER_100,"{'suffix': 'PSO_POP_100_ALPHA_0_5_BETA_0_4_NR_ITER_100', 'size_of_population': 100, 'alpha': 0.5, 'beta': 0.4, 'max_iterations': 100}",3.1                                                                                                                                    ,3.1                   ,                      ,3.1                   ,0.002038717269897461 ,                                       ,                                            ,                                      ,                                           ,                                                  ,
79             ,TSP_CITIES_SET_79_N_4.json,CPU                        ,particle_swarm_tsp,                  ,                      ,[]      ,False              ,                       ,                       ,[]         ,            ,PSO_POP_100_ALPHA_0_5_BETA_0_4_NR_ITER_100,"{'suffix': 'PSO_POP_100_ALPHA_0_5_BETA_0_4_NR_ITER_100', 'size_of_population': 100, 'alpha': 0.5, 'beta': 0.4, 'max_iterations': 100}",0.0                                                                                                                                    ,0.0                   ,                      ,0.0                   ,0.0029997825622558594,                                       ,                                            ,                                      ,                                           ,                                                  ,
80             ,TSP_CITIES_SET_80_N_4.json,CPU                        ,particle_swarm_tsp,                  ,                      ,[]      ,False              ,                       ,                       ,[]         ,            ,PSO_POP_100_ALPHA_0_5_BETA_0_4_NR_ITER_100,"{'suffix': 'PSO_POP_100_ALPHA_0_5_BETA_0_4_NR_ITER_100', 'size_of_population': 100, 'alpha': 0.5, 'beta': 0.4, 'max_iterations': 100}",1.7                                                                                                                                    ,1.7                   ,                      ,1.7                   ,0.002996206283569336 ,                                       ,                                            ,                                      ,                                           ,                                                  ,
81             ,TSP_CITIES_SET_81_N_4.json,CPU                        ,particle_swarm_tsp,                  ,                      ,[]      ,False              ,                       ,                       ,[]         ,            ,PSO_POP_100_ALPHA_0_5_BETA_0_4_NR_ITER_100,"{'suffix': 'PSO_POP_100_ALPHA_0_5_BETA_0_4_NR_ITER_100', 'size_of_population': 100, 'alpha': 0.5, 'beta': 0.4, 'max_iterations': 100}",0.0                                                                                                                                    ,0.0                   ,                      ,0.0                   ,0.0019989013671875   ,                                       ,                                            ,                                      ,                                           ,                                                  ,
82             ,TSP_CITIES_SET_82_N_4.json,CPU                        ,particle_swarm_tsp,                  ,                      ,[]      ,False              ,                       ,                       ,[]         ,            ,PSO_POP_100_ALPHA_0_5_BETA_0_4_NR_ITER_100,"{'suffix': 'PSO_POP_100_ALPHA_0_5_BETA_0_4_NR_ITER_100', 'size_of_population': 100, 'alpha': 0.5, 'beta': 0.4, 'max_iterations': 100}",0.0                                                                                                                                    ,0.0                   ,                      ,0.0                   ,0.003000020980834961 ,                                       ,                                            ,                                      ,                                           ,                                                  ,
83             ,TSP_CITIES_SET_83_N_4.json,CPU                        ,particle_swarm_tsp,                  ,                      ,[]      ,False              ,                       ,                       ,[]         ,            ,PSO_POP_100_ALPHA_0_5_BETA_0_4_NR_ITER_100,"{'suffix': 'PSO_POP_100_ALPHA_0_5_BETA_0_4_NR_ITER_100', 'size_of_population': 100, 'alpha': 0.5, 'beta': 0.4, 'max_iterations': 100}",0.0                                                                                                                                    ,0.0                   ,                      ,0.0                   ,0.0019981861114501953,                                       ,                                            ,                                      ,                                           ,                                                  ,
84             ,TSP_CITIES_SET_84_N_4.json,CPU                        ,particle_swarm_tsp,                  ,                      ,[]      ,False              ,                       ,                       ,[]         ,            ,PSO_POP_100_ALPHA_0_5_BETA_0_4_NR_ITER_100,"{'suffix': 'PSO_POP_100_ALPHA_0_5_BETA_0_4_NR_ITER_100', 'size_of_population': 100, 'alpha': 0.5, 'beta': 0.4, 'max_iterations': 100}",18.2                                                                                                                                   ,18.2                  ,                      ,18.2                  ,0.003999233245849609 ,                                       ,                                            ,                                      ,                                           ,                                                  ,
85             ,TSP_CITIES_SET_85_N_4.json,CPU                        ,particle_swarm_tsp,                  ,                      ,[]      ,False              ,                       ,                       ,[]         ,            ,PSO_POP_100_ALPHA_0_5_BETA_0_4_NR_ITER_100,"{'suffix': 'PSO_POP_100_ALPHA_0_5_BETA_0_4_NR_ITER_100', 'size_of_population': 100, 'alpha': 0.5, 'beta': 0.4, 'max_iterations': 100}",0.0                                                                                                                                    ,0.0                   ,                      ,0.0                   ,0.002997636795043945 ,                                       ,                                            ,                                      ,                                           ,                                                  ,
86             ,TSP_CITIES_SET_86_N_4.json,CPU                        ,particle_swarm_tsp,                  ,                      ,[]      ,False              ,                       ,                       ,[]         ,            ,PSO_POP_100_ALPHA_0_5_BETA_0_4_NR_ITER_100,"{'suffix': 'PSO_POP_100_ALPHA_0_5_BETA_0_4_NR_ITER_100', 'size_of_population': 100, 'alpha': 0.5, 'beta': 0.4, 'max_iterations': 100}",17.9                                                                                                                                   ,17.9                  ,                      ,17.9                  ,0.0030014514923095703,                                       ,                                            ,                                      ,                                           ,                                                  ,
87             ,TSP_CITIES_SET_87_N_4.json,CPU                        ,particle_swarm_tsp,                  ,                      ,[]      ,False              ,                       ,                       ,[]         ,            ,PSO_POP_100_ALPHA_0_5_BETA_0_4_NR_ITER_100,"{'suffix': 'PSO_POP_100_ALPHA_0_5_BETA_0_4_NR_ITER_100', 'size_of_population': 100, 'alpha': 0.5, 'beta': 0.4, 'max_iterations': 100}",0.0                                                                                                                                    ,0.0                   ,                      ,0.0                   ,0.002997875213623047 ,                                       ,                                            ,                                      ,                                           ,                                                  ,
88             ,TSP_CITIES_SET_88_N_4.json,CPU                        ,particle_swarm_tsp,                  ,                      ,[]      ,False              ,                       ,                       ,[]         ,            ,PSO_POP_100_ALPHA_0_5_BETA_0_4_NR_ITER_100,"{'suffix': 'PSO_POP_100_ALPHA_0_5_BETA_0_4_NR_ITER_100', 'size_of_population': 100, 'alpha': 0.5, 'beta': 0.4, 'max_iterations': 100}",0.0                                                                                                                                    ,0.0                   ,                      ,0.0                   ,0.001998424530029297 ,                                       ,                                            ,                                      ,                                           ,                                                  ,
89             ,TSP_CITIES_SET_89_N_4.json,CPU                        ,particle_swarm_tsp,                  ,                      ,[]      ,False              ,                       ,                       ,[]         ,            ,PSO_POP_100_ALPHA_0_5_BETA_0_4_NR_ITER_100,"{'suffix': 'PSO_POP_100_ALPHA_0_5_BETA_0_4_NR_ITER_100', 'size_of_population': 100, 'alpha': 0.5, 'beta': 0.4, 'max_iterations': 100}",1.6                                                                                                                                    ,1.6                   ,                      ,1.6                   ,0.003037452697753907 ,                                       ,                                            ,                                      ,                                           ,                                                  ,
90             ,TSP_CITIES_SET_90_N_4.json,CPU                        ,particle_swarm_tsp,                  ,                      ,[]      ,False              ,                       ,                       ,[]         ,            ,PSO_POP_100_ALPHA_0_5_BETA_0_4_NR_ITER_100,"{'suffix': 'PSO_POP_100_ALPHA_0_5_BETA_0_4_NR_ITER_100', 'size_of_population': 100, 'alpha': 0.5, 'beta': 0.4, 'max_iterations': 100}",5.0                                                                                                                                    ,5.0                   ,                      ,5.0                   ,0.003003120422363281 ,                                       ,                                            ,                                      ,                                           ,                                                  ,
91             ,TSP_CITIES_SET_91_N_4.json,CPU                        ,particle_swarm_tsp,                  ,                      ,[]      ,False              ,                       ,                       ,[]         ,            ,PSO_POP_100_ALPHA_0_5_BETA_0_4_NR_ITER_100,"{'suffix': 'PSO_POP_100_ALPHA_0_5_BETA_0_4_NR_ITER_100', 'size_of_population': 100, 'alpha': 0.5, 'beta': 0.4, 'max_iterations': 100}",0.0                                                                                                                                    ,0.0                   ,                      ,0.0                   ,0.004997730255126953 ,                                       ,                                            ,                                      ,                                           ,                                                  ,
92             ,TSP_CITIES_SET_92_N_4.json,CPU                        ,particle_swarm_tsp,                  ,                      ,[]      ,False              ,                       ,                       ,[]         ,            ,PSO_POP_100_ALPHA_0_5_BETA_0_4_NR_ITER_100,"{'suffix': 'PSO_POP_100_ALPHA_0_5_BETA_0_4_NR_ITER_100', 'size_of_population': 100, 'alpha': 0.5, 'beta': 0.4, 'max_iterations': 100}",5.4                                                                                                                                    ,5.4                   ,                      ,5.4                   ,0.0019996166229248047,                                       ,                                            ,                                      ,                                           ,                                                  ,
93             ,TSP_CITIES_SET_93_N_4.json,CPU                        ,particle_swarm_tsp,                  ,                      ,[]      ,False              ,                       ,                       ,[]         ,            ,PSO_POP_100_ALPHA_0_5_BETA_0_4_NR_ITER_100,"{'suffix': 'PSO_POP_100_ALPHA_0_5_BETA_0_4_NR_ITER_100', 'size_of_population': 100, 'alpha': 0.5, 'beta': 0.4, 'max_iterations': 100}",13.7                                                                                                                                   ,13.7                  ,                      ,13.7                  ,0.0029981136322021484,                                       ,                                            ,                                      ,                                           ,                                                  ,
94             ,TSP_CITIES_SET_94_N_4.json,CPU                        ,particle_swarm_tsp,                  ,                      ,[]      ,False              ,                       ,                       ,[]         ,            ,PSO_POP_100_ALPHA_0_5_BETA_0_4_NR_ITER_100,"{'suffix': 'PSO_POP_100_ALPHA_0_5_BETA_0_4_NR_ITER_100', 'size_of_population': 100, 'alpha': 0.5, 'beta': 0.4, 'max_iterations': 100}",0.0                                                                                                                                    ,0.0                   ,                      ,0.0                   ,0.0029981136322021484,                                       ,                                            ,                                      ,                                           ,                                                  ,
95             ,TSP_CITIES_SET_95_N_4.json,CPU                        ,particle_swarm_tsp,                  ,                      ,[]      ,False              ,                       ,                       ,[]         ,            ,PSO_POP_100_ALPHA_0_5_BETA_0_4_NR_ITER_100,"{'suffix': 'PSO_POP_100_ALPHA_0_5_BETA_0_4_NR_ITER_100', 'size_of_population': 100, 'alpha': 0.5, 'beta': 0.4, 'max_iterations': 100}",4.1                                                                                                                                    ,4.1                   ,                      ,4.1                   ,0.0019981861114501953,                                       ,                                            ,                                      ,                                           ,                                                  ,
96             ,TSP_CITIES_SET_96_N_4.json,CPU                        ,particle_swarm_tsp,                  ,                      ,[]      ,False              ,                       ,                       ,[]         ,            ,PSO_POP_100_ALPHA_0_5_BETA_0_4_NR_ITER_100,"{'suffix': 'PSO_POP_100_ALPHA_0_5_BETA_0_4_NR_ITER_100', 'size_of_population': 100, 'alpha': 0.5, 'beta': 0.4, 'max_iterations': 100}",12.3                                                                                                                                   ,12.3                  ,                      ,12.3                  ,0.003000020980834961 ,                                       ,                                            ,                                      ,                                           ,                                                  ,
97             ,TSP_CITIES_SET_97_N_4.json,CPU                        ,particle_swarm_tsp,                  ,                      ,[]      ,False              ,                       ,                       ,[]         ,            ,PSO_POP_100_ALPHA_0_5_BETA_0_4_NR_ITER_100,"{'suffix': 'PSO_POP_100_ALPHA_0_5_BETA_0_4_NR_ITER_100', 'size_of_population': 100, 'alpha': 0.5, 'beta': 0.4, 'max_iterations': 100}",1.6                                                                                                                                    ,1.6                   ,                      ,1.6                   ,0.003039360046386719 ,                                       ,                                            ,                                      ,                                           ,                                                  ,
98             ,TSP_CITIES_SET_98_N_4.json,CPU                        ,particle_swarm_tsp,                  ,                      ,[]      ,False              ,                       ,                       ,[]         ,            ,PSO_POP_100_ALPHA_0_5_BETA_0_4_NR_ITER_100,"{'suffix': 'PSO_POP_100_ALPHA_0_5_BETA_0_4_NR_ITER_100', 'size_of_population': 100, 'alpha': 0.5, 'beta': 0.4, 'max_iterations': 100}",12.1                                                                                                                                   ,12.1                  ,                      ,12.1                  ,0.002997636795043945 ,                                       ,                                            ,                                      ,                                           ,                                                  ,
99             ,TSP_CITIES_SET_99_N_4.json,CPU                        ,particle_swarm_tsp,                  ,                      ,[]      ,False              ,                       ,                       ,[]         ,            ,PSO_POP_100_ALPHA_0_5_BETA_0_4_NR_ITER_100,"{'suffix': 'PSO_POP_100_ALPHA_0_5_BETA_0_4_NR_ITER_100', 'size_of_population': 100, 'alpha': 0.5, 'beta': 0.4, 'max_iterations': 100}",0.0                                                                                                                                    ,0.0                   ,                      ,0.0                   ,0.002975940704345703 ,                                       ,                                            ,                                      ,                                           ,                                                  ,
0              ,TSP_CITIES_SET_0_N_5.json ,CPU                        ,particle_swarm_tsp,                  ,                      ,[]      ,False              ,                       ,                       ,[]         ,            ,PSO_POP_100_ALPHA_0_5_BETA_0_4_NR_ITER_100,"{'suffix': 'PSO_POP_100_ALPHA_0_5_BETA_0_4_NR_ITER_100', 'size_of_population': 100, 'alpha': 0.5, 'beta': 0.4, 'max_iterations': 100}",2.0                                                                                                                                    ,2.0                   ,                      ,2.0                   ,0.01098918914794922  ,                                       ,                                            ,                                      ,                                           ,                                                  ,
1              ,TSP_CITIES_SET_1_N_5.json ,CPU                        ,particle_swarm_tsp,                  ,                      ,[]      ,False              ,                       ,                       ,[]         ,            ,PSO_POP_100_ALPHA_0_5_BETA_0_4_NR_ITER_100,"{'suffix': 'PSO_POP_100_ALPHA_0_5_BETA_0_4_NR_ITER_100', 'size_of_population': 100, 'alpha': 0.5, 'beta': 0.4, 'max_iterations': 100}",1.6                                                                                                                                    ,1.6                   ,                      ,1.6                   ,0.01199936866760254  ,                                       ,                                            ,                                      ,                                           ,                                                  ,
2              ,TSP_CITIES_SET_2_N_5.json ,CPU                        ,particle_swarm_tsp,                  ,                      ,[]      ,False              ,                       ,                       ,[]         ,            ,PSO_POP_100_ALPHA_0_5_BETA_0_4_NR_ITER_100,"{'suffix': 'PSO_POP_100_ALPHA_0_5_BETA_0_4_NR_ITER_100', 'size_of_population': 100, 'alpha': 0.5, 'beta': 0.4, 'max_iterations': 100}",1.8                                                                                                                                    ,1.8                   ,                      ,1.8                   ,0.00999736785888672  ,                                       ,                                            ,                                      ,                                           ,                                                  ,
3              ,TSP_CITIES_SET_3_N_5.json ,CPU                        ,particle_swarm_tsp,                  ,                      ,[]      ,False              ,                       ,                       ,[]         ,            ,PSO_POP_100_ALPHA_0_5_BETA_0_4_NR_ITER_100,"{'suffix': 'PSO_POP_100_ALPHA_0_5_BETA_0_4_NR_ITER_100', 'size_of_population': 100, 'alpha': 0.5, 'beta': 0.4, 'max_iterations': 100}",5.7                                                                                                                                    ,5.7                   ,                      ,5.7                   ,0.010997772216796877 ,                                       ,                                            ,                                      ,                                           ,                                                  ,
4              ,TSP_CITIES_SET_4_N_5.json ,CPU                        ,particle_swarm_tsp,                  ,                      ,[]      ,False              ,                       ,                       ,[]         ,            ,PSO_POP_100_ALPHA_0_5_BETA_0_4_NR_ITER_100,"{'suffix': 'PSO_POP_100_ALPHA_0_5_BETA_0_4_NR_ITER_100', 'size_of_population': 100, 'alpha': 0.5, 'beta': 0.4, 'max_iterations': 100}",3.8                                                                                                                                    ,3.8                   ,                      ,3.8                   ,0.011995553970336914 ,                                       ,                                            ,                                      ,                                           ,                                                  ,
5              ,TSP_CITIES_SET_5_N_5.json ,CPU                        ,particle_swarm_tsp,                  ,                      ,[]      ,False              ,                       ,                       ,[]         ,            ,PSO_POP_100_ALPHA_0_5_BETA_0_4_NR_ITER_100,"{'suffix': 'PSO_POP_100_ALPHA_0_5_BETA_0_4_NR_ITER_100', 'size_of_population': 100, 'alpha': 0.5, 'beta': 0.4, 'max_iterations': 100}",1.8                                                                                                                                    ,1.8                   ,                      ,1.8                   ,0.011997222900390623 ,                                       ,                                            ,                                      ,                                           ,                                                  ,
6              ,TSP_CITIES_SET_6_N_5.json ,CPU                        ,particle_swarm_tsp,                  ,                      ,[]      ,False              ,                       ,                       ,[]         ,            ,PSO_POP_100_ALPHA_0_5_BETA_0_4_NR_ITER_100,"{'suffix': 'PSO_POP_100_ALPHA_0_5_BETA_0_4_NR_ITER_100', 'size_of_population': 100, 'alpha': 0.5, 'beta': 0.4, 'max_iterations': 100}",14.3                                                                                                                                   ,14.3                  ,                      ,14.3                  ,0.011032819747924805 ,                                       ,                                            ,                                      ,                                           ,                                                  ,
7              ,TSP_CITIES_SET_7_N_5.json ,CPU                        ,particle_swarm_tsp,                  ,                      ,[]      ,False              ,                       ,                       ,[]         ,            ,PSO_POP_100_ALPHA_0_5_BETA_0_4_NR_ITER_100,"{'suffix': 'PSO_POP_100_ALPHA_0_5_BETA_0_4_NR_ITER_100', 'size_of_population': 100, 'alpha': 0.5, 'beta': 0.4, 'max_iterations': 100}",0.0                                                                                                                                    ,0.0                   ,                      ,0.0                   ,0.011011600494384766 ,                                       ,                                            ,                                      ,                                           ,                                                  ,
8              ,TSP_CITIES_SET_8_N_5.json ,CPU                        ,particle_swarm_tsp,                  ,                      ,[]      ,False              ,                       ,                       ,[]         ,            ,PSO_POP_100_ALPHA_0_5_BETA_0_4_NR_ITER_100,"{'suffix': 'PSO_POP_100_ALPHA_0_5_BETA_0_4_NR_ITER_100', 'size_of_population': 100, 'alpha': 0.5, 'beta': 0.4, 'max_iterations': 100}",1.8                                                                                                                                    ,1.8                   ,                      ,1.8                   ,0.012391090393066406 ,                                       ,                                            ,                                      ,                                           ,                                                  ,
9              ,TSP_CITIES_SET_9_N_5.json ,CPU                        ,particle_swarm_tsp,                  ,                      ,[]      ,False              ,                       ,                       ,[]         ,            ,PSO_POP_100_ALPHA_0_5_BETA_0_4_NR_ITER_100,"{'suffix': 'PSO_POP_100_ALPHA_0_5_BETA_0_4_NR_ITER_100', 'size_of_population': 100, 'alpha': 0.5, 'beta': 0.4, 'max_iterations': 100}",15.8                                                                                                                                   ,15.8                  ,                      ,15.8                  ,0.011999845504760742 ,                                       ,                                            ,                                      ,                                           ,                                                  ,
10             ,TSP_CITIES_SET_10_N_5.json,CPU                        ,particle_swarm_tsp,                  ,                      ,[]      ,False              ,                       ,                       ,[]         ,            ,PSO_POP_100_ALPHA_0_5_BETA_0_4_NR_ITER_100,"{'suffix': 'PSO_POP_100_ALPHA_0_5_BETA_0_4_NR_ITER_100', 'size_of_population': 100, 'alpha': 0.5, 'beta': 0.4, 'max_iterations': 100}",1.8                                                                                                                                    ,1.8                   ,                      ,1.8                   ,0.009996175765991213 ,                                       ,                                            ,                                      ,                                           ,                                                  ,
11             ,TSP_CITIES_SET_11_N_5.json,CPU                        ,particle_swarm_tsp,                  ,                      ,[]      ,False              ,                       ,                       ,[]         ,            ,PSO_POP_100_ALPHA_0_5_BETA_0_4_NR_ITER_100,"{'suffix': 'PSO_POP_100_ALPHA_0_5_BETA_0_4_NR_ITER_100', 'size_of_population': 100, 'alpha': 0.5, 'beta': 0.4, 'max_iterations': 100}",1.7                                                                                                                                    ,1.7                   ,                      ,1.7                   ,0.009997129440307615 ,                                       ,                                            ,                                      ,                                           ,                                                  ,
12             ,TSP_CITIES_SET_12_N_5.json,CPU                        ,particle_swarm_tsp,                  ,                      ,[]      ,False              ,                       ,                       ,[]         ,            ,PSO_POP_100_ALPHA_0_5_BETA_0_4_NR_ITER_100,"{'suffix': 'PSO_POP_100_ALPHA_0_5_BETA_0_4_NR_ITER_100', 'size_of_population': 100, 'alpha': 0.5, 'beta': 0.4, 'max_iterations': 100}",1.8                                                                                                                                    ,1.8                   ,                      ,1.8                   ,0.010999202728271484 ,                                       ,                                            ,                                      ,                                           ,                                                  ,
13             ,TSP_CITIES_SET_13_N_5.json,CPU                        ,particle_swarm_tsp,                  ,                      ,[]      ,False              ,                       ,                       ,[]         ,            ,PSO_POP_100_ALPHA_0_5_BETA_0_4_NR_ITER_100,"{'suffix': 'PSO_POP_100_ALPHA_0_5_BETA_0_4_NR_ITER_100', 'size_of_population': 100, 'alpha': 0.5, 'beta': 0.4, 'max_iterations': 100}",0.0                                                                                                                                    ,0.0                   ,                      ,0.0                   ,0.011043787002563477 ,                                       ,                                            ,                                      ,                                           ,                                                  ,
14             ,TSP_CITIES_SET_14_N_5.json,CPU                        ,particle_swarm_tsp,                  ,                      ,[]      ,False              ,                       ,                       ,[]         ,            ,PSO_POP_100_ALPHA_0_5_BETA_0_4_NR_ITER_100,"{'suffix': 'PSO_POP_100_ALPHA_0_5_BETA_0_4_NR_ITER_100', 'size_of_population': 100, 'alpha': 0.5, 'beta': 0.4, 'max_iterations': 100}",0.0                                                                                                                                    ,0.0                   ,                      ,0.0                   ,0.010973453521728516 ,                                       ,                                            ,                                      ,                                           ,                                                  ,
15             ,TSP_CITIES_SET_15_N_5.json,CPU                        ,particle_swarm_tsp,                  ,                      ,[]      ,False              ,                       ,                       ,[]         ,            ,PSO_POP_100_ALPHA_0_5_BETA_0_4_NR_ITER_100,"{'suffix': 'PSO_POP_100_ALPHA_0_5_BETA_0_4_NR_ITER_100', 'size_of_population': 100, 'alpha': 0.5, 'beta': 0.4, 'max_iterations': 100}",1.6                                                                                                                                    ,1.6                   ,                      ,1.6                   ,0.015659332275390625 ,                                       ,                                            ,                                      ,                                           ,                                                  ,
16             ,TSP_CITIES_SET_16_N_5.json,CPU                        ,particle_swarm_tsp,                  ,                      ,[]      ,False              ,                       ,                       ,[]         ,            ,PSO_POP_100_ALPHA_0_5_BETA_0_4_NR_ITER_100,"{'suffix': 'PSO_POP_100_ALPHA_0_5_BETA_0_4_NR_ITER_100', 'size_of_population': 100, 'alpha': 0.5, 'beta': 0.4, 'max_iterations': 100}",5.4                                                                                                                                    ,5.4                   ,                      ,5.4                   ,0.01566028594970703  ,                                       ,                                            ,                                      ,                                           ,                                                  ,
17             ,TSP_CITIES_SET_17_N_5.json,CPU                        ,particle_swarm_tsp,                  ,                      ,[]      ,False              ,                       ,                       ,[]         ,            ,PSO_POP_100_ALPHA_0_5_BETA_0_4_NR_ITER_100,"{'suffix': 'PSO_POP_100_ALPHA_0_5_BETA_0_4_NR_ITER_100', 'size_of_population': 100, 'alpha': 0.5, 'beta': 0.4, 'max_iterations': 100}",1.8                                                                                                                                    ,1.8                   ,                      ,1.8                   ,0.015608787536621094 ,                                       ,                                            ,                                      ,                                           ,                                                  ,
18             ,TSP_CITIES_SET_18_N_5.json,CPU                        ,particle_swarm_tsp,                  ,                      ,[]      ,False              ,                       ,                       ,[]         ,            ,PSO_POP_100_ALPHA_0_5_BETA_0_4_NR_ITER_100,"{'suffix': 'PSO_POP_100_ALPHA_0_5_BETA_0_4_NR_ITER_100', 'size_of_population': 100, 'alpha': 0.5, 'beta': 0.4, 'max_iterations': 100}",1.8                                                                                                                                    ,1.8                   ,                      ,1.8                   ,0.015621185302734375 ,                                       ,                                            ,                                      ,                                           ,                                                  ,
19             ,TSP_CITIES_SET_19_N_5.json,CPU                        ,particle_swarm_tsp,                  ,                      ,[]      ,False              ,                       ,                       ,[]         ,            ,PSO_POP_100_ALPHA_0_5_BETA_0_4_NR_ITER_100,"{'suffix': 'PSO_POP_100_ALPHA_0_5_BETA_0_4_NR_ITER_100', 'size_of_population': 100, 'alpha': 0.5, 'beta': 0.4, 'max_iterations': 100}",1.6                                                                                                                                    ,1.6                   ,                      ,1.6                   ,0.0156252384185791   ,                                       ,                                            ,                                      ,                                           ,                                                  ,
20             ,TSP_CITIES_SET_20_N_5.json,CPU                        ,particle_swarm_tsp,                  ,                      ,[]      ,False              ,                       ,                       ,[]         ,            ,PSO_POP_100_ALPHA_0_5_BETA_0_4_NR_ITER_100,"{'suffix': 'PSO_POP_100_ALPHA_0_5_BETA_0_4_NR_ITER_100', 'size_of_population': 100, 'alpha': 0.5, 'beta': 0.4, 'max_iterations': 100}",14.1                                                                                                                                   ,14.1                  ,                      ,14.1                  ,0.015624761581420897 ,                                       ,                                            ,                                      ,                                           ,                                                  ,
21             ,TSP_CITIES_SET_21_N_5.json,CPU                        ,particle_swarm_tsp,                  ,                      ,[]      ,False              ,                       ,                       ,[]         ,            ,PSO_POP_100_ALPHA_0_5_BETA_0_4_NR_ITER_100,"{'suffix': 'PSO_POP_100_ALPHA_0_5_BETA_0_4_NR_ITER_100', 'size_of_population': 100, 'alpha': 0.5, 'beta': 0.4, 'max_iterations': 100}",0.0                                                                                                                                    ,0.0                   ,                      ,0.0                   ,0.0                  ,                                       ,                                            ,                                      ,                                           ,                                                  ,
22             ,TSP_CITIES_SET_22_N_5.json,CPU                        ,particle_swarm_tsp,                  ,                      ,[]      ,False              ,                       ,                       ,[]         ,            ,PSO_POP_100_ALPHA_0_5_BETA_0_4_NR_ITER_100,"{'suffix': 'PSO_POP_100_ALPHA_0_5_BETA_0_4_NR_ITER_100', 'size_of_population': 100, 'alpha': 0.5, 'beta': 0.4, 'max_iterations': 100}",15.6                                                                                                                                   ,15.6                  ,                      ,15.6                  ,0.015592336654663088 ,                                       ,                                            ,                                      ,                                           ,                                                  ,
23             ,TSP_CITIES_SET_23_N_5.json,CPU                        ,particle_swarm_tsp,                  ,                      ,[]      ,False              ,                       ,                       ,[]         ,            ,PSO_POP_100_ALPHA_0_5_BETA_0_4_NR_ITER_100,"{'suffix': 'PSO_POP_100_ALPHA_0_5_BETA_0_4_NR_ITER_100', 'size_of_population': 100, 'alpha': 0.5, 'beta': 0.4, 'max_iterations': 100}",1.6                                                                                                                                    ,1.6                   ,                      ,1.6                   ,0.015623331069946287 ,                                       ,                                            ,                                      ,                                           ,                                                  ,
24             ,TSP_CITIES_SET_24_N_5.json,CPU                        ,particle_swarm_tsp,                  ,                      ,[]      ,False              ,                       ,                       ,[]         ,            ,PSO_POP_100_ALPHA_0_5_BETA_0_4_NR_ITER_100,"{'suffix': 'PSO_POP_100_ALPHA_0_5_BETA_0_4_NR_ITER_100', 'size_of_population': 100, 'alpha': 0.5, 'beta': 0.4, 'max_iterations': 100}",14.3                                                                                                                                   ,14.3                  ,                      ,14.3                  ,0.015625953674316406 ,                                       ,                                            ,                                      ,                                           ,                                                  ,
25             ,TSP_CITIES_SET_25_N_5.json,CPU                        ,particle_swarm_tsp,                  ,                      ,[]      ,False              ,                       ,                       ,[]         ,            ,PSO_POP_100_ALPHA_0_5_BETA_0_4_NR_ITER_100,"{'suffix': 'PSO_POP_100_ALPHA_0_5_BETA_0_4_NR_ITER_100', 'size_of_population': 100, 'alpha': 0.5, 'beta': 0.4, 'max_iterations': 100}",1.8                                                                                                                                    ,1.8                   ,                      ,1.8                   ,0.0                  ,                                       ,                                            ,                                      ,                                           ,                                                  ,
26             ,TSP_CITIES_SET_26_N_5.json,CPU                        ,particle_swarm_tsp,                  ,                      ,[]      ,False              ,                       ,                       ,[]         ,            ,PSO_POP_100_ALPHA_0_5_BETA_0_4_NR_ITER_100,"{'suffix': 'PSO_POP_100_ALPHA_0_5_BETA_0_4_NR_ITER_100', 'size_of_population': 100, 'alpha': 0.5, 'beta': 0.4, 'max_iterations': 100}",14.3                                                                                                                                   ,14.3                  ,                      ,14.3                  ,0.0                  ,                                       ,                                            ,                                      ,                                           ,                                                  ,
27             ,TSP_CITIES_SET_27_N_5.json,CPU                        ,particle_swarm_tsp,                  ,                      ,[]      ,False              ,                       ,                       ,[]         ,            ,PSO_POP_100_ALPHA_0_5_BETA_0_4_NR_ITER_100,"{'suffix': 'PSO_POP_100_ALPHA_0_5_BETA_0_4_NR_ITER_100', 'size_of_population': 100, 'alpha': 0.5, 'beta': 0.4, 'max_iterations': 100}",5.4                                                                                                                                    ,5.4                   ,                      ,5.4                   ,0.015588998794555662 ,                                       ,                                            ,                                      ,                                           ,                                                  ,
28             ,TSP_CITIES_SET_28_N_5.json,CPU                        ,particle_swarm_tsp,                  ,                      ,[]      ,False              ,                       ,                       ,[]         ,            ,PSO_POP_100_ALPHA_0_5_BETA_0_4_NR_ITER_100,"{'suffix': 'PSO_POP_100_ALPHA_0_5_BETA_0_4_NR_ITER_100', 'size_of_population': 100, 'alpha': 0.5, 'beta': 0.4, 'max_iterations': 100}",3.2                                                                                                                                    ,3.2                   ,                      ,3.2                   ,0.01562380790710449  ,                                       ,                                            ,                                      ,                                           ,                                                  ,
29             ,TSP_CITIES_SET_29_N_5.json,CPU                        ,particle_swarm_tsp,                  ,                      ,[]      ,False              ,                       ,                       ,[]         ,            ,PSO_POP_100_ALPHA_0_5_BETA_0_4_NR_ITER_100,"{'suffix': 'PSO_POP_100_ALPHA_0_5_BETA_0_4_NR_ITER_100', 'size_of_population': 100, 'alpha': 0.5, 'beta': 0.4, 'max_iterations': 100}",1.6                                                                                                                                    ,1.6                   ,                      ,1.6                   ,0.015605688095092772 ,                                       ,                                            ,                                      ,                                           ,                                                  ,
30             ,TSP_CITIES_SET_30_N_5.json,CPU                        ,particle_swarm_tsp,                  ,                      ,[]      ,False              ,                       ,                       ,[]         ,            ,PSO_POP_100_ALPHA_0_5_BETA_0_4_NR_ITER_100,"{'suffix': 'PSO_POP_100_ALPHA_0_5_BETA_0_4_NR_ITER_100', 'size_of_population': 100, 'alpha': 0.5, 'beta': 0.4, 'max_iterations': 100}",1.6                                                                                                                                    ,1.6                   ,                      ,1.6                   ,0.015624523162841797 ,                                       ,                                            ,                                      ,                                           ,                                                  ,
31             ,TSP_CITIES_SET_31_N_5.json,CPU                        ,particle_swarm_tsp,                  ,                      ,[]      ,False              ,                       ,                       ,[]         ,            ,PSO_POP_100_ALPHA_0_5_BETA_0_4_NR_ITER_100,"{'suffix': 'PSO_POP_100_ALPHA_0_5_BETA_0_4_NR_ITER_100', 'size_of_population': 100, 'alpha': 0.5, 'beta': 0.4, 'max_iterations': 100}",1.8                                                                                                                                    ,1.8                   ,                      ,1.8                   ,0.015624523162841797 ,                                       ,                                            ,                                      ,                                           ,                                                  ,
32             ,TSP_CITIES_SET_32_N_5.json,CPU                        ,particle_swarm_tsp,                  ,                      ,[]      ,False              ,                       ,                       ,[]         ,            ,PSO_POP_100_ALPHA_0_5_BETA_0_4_NR_ITER_100,"{'suffix': 'PSO_POP_100_ALPHA_0_5_BETA_0_4_NR_ITER_100', 'size_of_population': 100, 'alpha': 0.5, 'beta': 0.4, 'max_iterations': 100}",0.0                                                                                                                                    ,0.0                   ,                      ,0.0                   ,0.0                  ,                                       ,                                            ,                                      ,                                           ,                                                  ,
33             ,TSP_CITIES_SET_33_N_5.json,CPU                        ,particle_swarm_tsp,                  ,                      ,[]      ,False              ,                       ,                       ,[]         ,            ,PSO_POP_100_ALPHA_0_5_BETA_0_4_NR_ITER_100,"{'suffix': 'PSO_POP_100_ALPHA_0_5_BETA_0_4_NR_ITER_100', 'size_of_population': 100, 'alpha': 0.5, 'beta': 0.4, 'max_iterations': 100}",25.0                                                                                                                                   ,25.0                  ,                      ,25.0                  ,0.015590667724609375 ,                                       ,                                            ,                                      ,                                           ,                                                  ,
34             ,TSP_CITIES_SET_34_N_5.json,CPU                        ,particle_swarm_tsp,                  ,                      ,[]      ,False              ,                       ,                       ,[]         ,            ,PSO_POP_100_ALPHA_0_5_BETA_0_4_NR_ITER_100,"{'suffix': 'PSO_POP_100_ALPHA_0_5_BETA_0_4_NR_ITER_100', 'size_of_population': 100, 'alpha': 0.5, 'beta': 0.4, 'max_iterations': 100}",0.0                                                                                                                                    ,0.0                   ,                      ,0.0                   ,0.0                  ,                                       ,                                            ,                                      ,                                           ,                                                  ,
35             ,TSP_CITIES_SET_35_N_5.json,CPU                        ,particle_swarm_tsp,                  ,                      ,[]      ,False              ,                       ,                       ,[]         ,            ,PSO_POP_100_ALPHA_0_5_BETA_0_4_NR_ITER_100,"{'suffix': 'PSO_POP_100_ALPHA_0_5_BETA_0_4_NR_ITER_100', 'size_of_population': 100, 'alpha': 0.5, 'beta': 0.4, 'max_iterations': 100}",35.7                                                                                                                                   ,35.7                  ,                      ,35.7                  ,0.01562380790710449  ,                                       ,                                            ,                                      ,                                           ,                                                  ,
36             ,TSP_CITIES_SET_36_N_5.json,CPU                        ,particle_swarm_tsp,                  ,                      ,[]      ,False              ,                       ,                       ,[]         ,            ,PSO_POP_100_ALPHA_0_5_BETA_0_4_NR_ITER_100,"{'suffix': 'PSO_POP_100_ALPHA_0_5_BETA_0_4_NR_ITER_100', 'size_of_population': 100, 'alpha': 0.5, 'beta': 0.4, 'max_iterations': 100}",8.2                                                                                                                                    ,8.2                   ,                      ,8.2                   ,0.015619993209838869 ,                                       ,                                            ,                                      ,                                           ,                                                  ,
37             ,TSP_CITIES_SET_37_N_5.json,CPU                        ,particle_swarm_tsp,                  ,                      ,[]      ,False              ,                       ,                       ,[]         ,            ,PSO_POP_100_ALPHA_0_5_BETA_0_4_NR_ITER_100,"{'suffix': 'PSO_POP_100_ALPHA_0_5_BETA_0_4_NR_ITER_100', 'size_of_population': 100, 'alpha': 0.5, 'beta': 0.4, 'max_iterations': 100}",12.5                                                                                                                                   ,12.5                  ,                      ,12.5                  ,0.0                  ,                                       ,                                            ,                                      ,                                           ,                                                  ,
38             ,TSP_CITIES_SET_38_N_5.json,CPU                        ,particle_swarm_tsp,                  ,                      ,[]      ,False              ,                       ,                       ,[]         ,            ,PSO_POP_100_ALPHA_0_5_BETA_0_4_NR_ITER_100,"{'suffix': 'PSO_POP_100_ALPHA_0_5_BETA_0_4_NR_ITER_100', 'size_of_population': 100, 'alpha': 0.5, 'beta': 0.4, 'max_iterations': 100}",1.6                                                                                                                                    ,1.6                   ,                      ,1.6                   ,0.015626907348632812 ,                                       ,                                            ,                                      ,                                           ,                                                  ,
39             ,TSP_CITIES_SET_39_N_5.json,CPU                        ,particle_swarm_tsp,                  ,                      ,[]      ,False              ,                       ,                       ,[]         ,            ,PSO_POP_100_ALPHA_0_5_BETA_0_4_NR_ITER_100,"{'suffix': 'PSO_POP_100_ALPHA_0_5_BETA_0_4_NR_ITER_100', 'size_of_population': 100, 'alpha': 0.5, 'beta': 0.4, 'max_iterations': 100}",1.8                                                                                                                                    ,1.8                   ,                      ,1.8                   ,0.0156252384185791   ,                                       ,                                            ,                                      ,                                           ,                                                  ,
40             ,TSP_CITIES_SET_40_N_5.json,CPU                        ,particle_swarm_tsp,                  ,                      ,[]      ,False              ,                       ,                       ,[]         ,            ,PSO_POP_100_ALPHA_0_5_BETA_0_4_NR_ITER_100,"{'suffix': 'PSO_POP_100_ALPHA_0_5_BETA_0_4_NR_ITER_100', 'size_of_population': 100, 'alpha': 0.5, 'beta': 0.4, 'max_iterations': 100}",0.0                                                                                                                                    ,0.0                   ,                      ,0.0                   ,0.0                  ,                                       ,                                            ,                                      ,                                           ,                                                  ,
41             ,TSP_CITIES_SET_41_N_5.json,CPU                        ,particle_swarm_tsp,                  ,                      ,[]      ,False              ,                       ,                       ,[]         ,            ,PSO_POP_100_ALPHA_0_5_BETA_0_4_NR_ITER_100,"{'suffix': 'PSO_POP_100_ALPHA_0_5_BETA_0_4_NR_ITER_100', 'size_of_population': 100, 'alpha': 0.5, 'beta': 0.4, 'max_iterations': 100}",1.8                                                                                                                                    ,1.8                   ,                      ,1.8                   ,0.01566481590270996  ,                                       ,                                            ,                                      ,                                           ,                                                  ,
42             ,TSP_CITIES_SET_42_N_5.json,CPU                        ,particle_swarm_tsp,                  ,                      ,[]      ,False              ,                       ,                       ,[]         ,            ,PSO_POP_100_ALPHA_0_5_BETA_0_4_NR_ITER_100,"{'suffix': 'PSO_POP_100_ALPHA_0_5_BETA_0_4_NR_ITER_100', 'size_of_population': 100, 'alpha': 0.5, 'beta': 0.4, 'max_iterations': 100}",0.0                                                                                                                                    ,0.0                   ,                      ,0.0                   ,0.009985685348510742 ,                                       ,                                            ,                                      ,                                           ,                                                  ,
43             ,TSP_CITIES_SET_43_N_5.json,CPU                        ,particle_swarm_tsp,                  ,                      ,[]      ,False              ,                       ,                       ,[]         ,            ,PSO_POP_100_ALPHA_0_5_BETA_0_4_NR_ITER_100,"{'suffix': 'PSO_POP_100_ALPHA_0_5_BETA_0_4_NR_ITER_100', 'size_of_population': 100, 'alpha': 0.5, 'beta': 0.4, 'max_iterations': 100}",1.8                                                                                                                                    ,1.8                   ,                      ,1.8                   ,0.015621185302734375 ,                                       ,                                            ,                                      ,                                           ,                                                  ,
44             ,TSP_CITIES_SET_44_N_5.json,CPU                        ,particle_swarm_tsp,                  ,                      ,[]      ,False              ,                       ,                       ,[]         ,            ,PSO_POP_100_ALPHA_0_5_BETA_0_4_NR_ITER_100,"{'suffix': 'PSO_POP_100_ALPHA_0_5_BETA_0_4_NR_ITER_100', 'size_of_population': 100, 'alpha': 0.5, 'beta': 0.4, 'max_iterations': 100}",1.6                                                                                                                                    ,1.6                   ,                      ,1.6                   ,0.015662193298339844 ,                                       ,                                            ,                                      ,                                           ,                                                  ,
45             ,TSP_CITIES_SET_45_N_5.json,CPU                        ,particle_swarm_tsp,                  ,                      ,[]      ,False              ,                       ,                       ,[]         ,            ,PSO_POP_100_ALPHA_0_5_BETA_0_4_NR_ITER_100,"{'suffix': 'PSO_POP_100_ALPHA_0_5_BETA_0_4_NR_ITER_100', 'size_of_population': 100, 'alpha': 0.5, 'beta': 0.4, 'max_iterations': 100}",0.0                                                                                                                                    ,0.0                   ,                      ,0.0                   ,0.0                  ,                                       ,                                            ,                                      ,                                           ,                                                  ,
46             ,TSP_CITIES_SET_46_N_5.json,CPU                        ,particle_swarm_tsp,                  ,                      ,[]      ,False              ,                       ,                       ,[]         ,            ,PSO_POP_100_ALPHA_0_5_BETA_0_4_NR_ITER_100,"{'suffix': 'PSO_POP_100_ALPHA_0_5_BETA_0_4_NR_ITER_100', 'size_of_population': 100, 'alpha': 0.5, 'beta': 0.4, 'max_iterations': 100}",1.8                                                                                                                                    ,1.8                   ,                      ,1.8                   ,0.015621423721313475 ,                                       ,                                            ,                                      ,                                           ,                                                  ,
47             ,TSP_CITIES_SET_47_N_5.json,CPU                        ,particle_swarm_tsp,                  ,                      ,[]      ,False              ,                       ,                       ,[]         ,            ,PSO_POP_100_ALPHA_0_5_BETA_0_4_NR_ITER_100,"{'suffix': 'PSO_POP_100_ALPHA_0_5_BETA_0_4_NR_ITER_100', 'size_of_population': 100, 'alpha': 0.5, 'beta': 0.4, 'max_iterations': 100}",1.8                                                                                                                                    ,1.8                   ,                      ,1.8                   ,0.015625476837158203 ,                                       ,                                            ,                                      ,                                           ,                                                  ,
48             ,TSP_CITIES_SET_48_N_5.json,CPU                        ,particle_swarm_tsp,                  ,                      ,[]      ,False              ,                       ,                       ,[]         ,            ,PSO_POP_100_ALPHA_0_5_BETA_0_4_NR_ITER_100,"{'suffix': 'PSO_POP_100_ALPHA_0_5_BETA_0_4_NR_ITER_100', 'size_of_population': 100, 'alpha': 0.5, 'beta': 0.4, 'max_iterations': 100}",4.6                                                                                                                                    ,4.6                   ,                      ,4.6                   ,0.015584230422973631 ,                                       ,                                            ,                                      ,                                           ,                                                  ,
49             ,TSP_CITIES_SET_49_N_5.json,CPU                        ,particle_swarm_tsp,                  ,                      ,[]      ,False              ,                       ,                       ,[]         ,            ,PSO_POP_100_ALPHA_0_5_BETA_0_4_NR_ITER_100,"{'suffix': 'PSO_POP_100_ALPHA_0_5_BETA_0_4_NR_ITER_100', 'size_of_population': 100, 'alpha': 0.5, 'beta': 0.4, 'max_iterations': 100}",5.4                                                                                                                                    ,5.4                   ,                      ,5.4                   ,0.01566457748413086  ,                                       ,                                            ,                                      ,                                           ,                                                  ,
50             ,TSP_CITIES_SET_50_N_5.json,CPU                        ,particle_swarm_tsp,                  ,                      ,[]      ,False              ,                       ,                       ,[]         ,            ,PSO_POP_100_ALPHA_0_5_BETA_0_4_NR_ITER_100,"{'suffix': 'PSO_POP_100_ALPHA_0_5_BETA_0_4_NR_ITER_100', 'size_of_population': 100, 'alpha': 0.5, 'beta': 0.4, 'max_iterations': 100}",5.4                                                                                                                                    ,5.4                   ,                      ,5.4                   ,0.015583276748657228 ,                                       ,                                            ,                                      ,                                           ,                                                  ,
51             ,TSP_CITIES_SET_51_N_5.json,CPU                        ,particle_swarm_tsp,                  ,                      ,[]      ,False              ,                       ,                       ,[]         ,            ,PSO_POP_100_ALPHA_0_5_BETA_0_4_NR_ITER_100,"{'suffix': 'PSO_POP_100_ALPHA_0_5_BETA_0_4_NR_ITER_100', 'size_of_population': 100, 'alpha': 0.5, 'beta': 0.4, 'max_iterations': 100}",0.0                                                                                                                                    ,0.0                   ,                      ,0.0                   ,0.0                  ,                                       ,                                            ,                                      ,                                           ,                                                  ,
52             ,TSP_CITIES_SET_52_N_5.json,CPU                        ,particle_swarm_tsp,                  ,                      ,[]      ,False              ,                       ,                       ,[]         ,            ,PSO_POP_100_ALPHA_0_5_BETA_0_4_NR_ITER_100,"{'suffix': 'PSO_POP_100_ALPHA_0_5_BETA_0_4_NR_ITER_100', 'size_of_population': 100, 'alpha': 0.5, 'beta': 0.4, 'max_iterations': 100}",12.5                                                                                                                                   ,12.5                  ,                      ,12.5                  ,0.01562356948852539  ,                                       ,                                            ,                                      ,                                           ,                                                  ,
53             ,TSP_CITIES_SET_53_N_5.json,CPU                        ,particle_swarm_tsp,                  ,                      ,[]      ,False              ,                       ,                       ,[]         ,            ,PSO_POP_100_ALPHA_0_5_BETA_0_4_NR_ITER_100,"{'suffix': 'PSO_POP_100_ALPHA_0_5_BETA_0_4_NR_ITER_100', 'size_of_population': 100, 'alpha': 0.5, 'beta': 0.4, 'max_iterations': 100}",6.2                                                                                                                                    ,6.2                   ,                      ,6.2                   ,0.0011534690856933596,                                       ,                                            ,                                      ,                                           ,                                                  ,
54             ,TSP_CITIES_SET_54_N_5.json,CPU                        ,particle_swarm_tsp,                  ,                      ,[]      ,False              ,                       ,                       ,[]         ,            ,PSO_POP_100_ALPHA_0_5_BETA_0_4_NR_ITER_100,"{'suffix': 'PSO_POP_100_ALPHA_0_5_BETA_0_4_NR_ITER_100', 'size_of_population': 100, 'alpha': 0.5, 'beta': 0.4, 'max_iterations': 100}",3.1                                                                                                                                    ,3.1                   ,                      ,3.1                   ,0.031248092651367188 ,                                       ,                                            ,                                      ,                                           ,                                                  ,
55             ,TSP_CITIES_SET_55_N_5.json,CPU                        ,particle_swarm_tsp,                  ,                      ,[]      ,False              ,                       ,                       ,[]         ,            ,PSO_POP_100_ALPHA_0_5_BETA_0_4_NR_ITER_100,"{'suffix': 'PSO_POP_100_ALPHA_0_5_BETA_0_4_NR_ITER_100', 'size_of_population': 100, 'alpha': 0.5, 'beta': 0.4, 'max_iterations': 100}",6.2                                                                                                                                    ,6.2                   ,                      ,6.2                   ,0.015625             ,                                       ,                                            ,                                      ,                                           ,                                                  ,
56             ,TSP_CITIES_SET_56_N_5.json,CPU                        ,particle_swarm_tsp,                  ,                      ,[]      ,False              ,                       ,                       ,[]         ,            ,PSO_POP_100_ALPHA_0_5_BETA_0_4_NR_ITER_100,"{'suffix': 'PSO_POP_100_ALPHA_0_5_BETA_0_4_NR_ITER_100', 'size_of_population': 100, 'alpha': 0.5, 'beta': 0.4, 'max_iterations': 100}",7.1                                                                                                                                    ,7.1                   ,                      ,7.1                   ,0.0                  ,                                       ,                                            ,                                      ,                                           ,                                                  ,
57             ,TSP_CITIES_SET_57_N_5.json,CPU                        ,particle_swarm_tsp,                  ,                      ,[]      ,False              ,                       ,                       ,[]         ,            ,PSO_POP_100_ALPHA_0_5_BETA_0_4_NR_ITER_100,"{'suffix': 'PSO_POP_100_ALPHA_0_5_BETA_0_4_NR_ITER_100', 'size_of_population': 100, 'alpha': 0.5, 'beta': 0.4, 'max_iterations': 100}",1.6                                                                                                                                    ,1.6                   ,                      ,1.6                   ,0.015625715255737305 ,                                       ,                                            ,                                      ,                                           ,                                                  ,
58             ,TSP_CITIES_SET_58_N_5.json,CPU                        ,particle_swarm_tsp,                  ,                      ,[]      ,False              ,                       ,                       ,[]         ,            ,PSO_POP_100_ALPHA_0_5_BETA_0_4_NR_ITER_100,"{'suffix': 'PSO_POP_100_ALPHA_0_5_BETA_0_4_NR_ITER_100', 'size_of_population': 100, 'alpha': 0.5, 'beta': 0.4, 'max_iterations': 100}",1.8                                                                                                                                    ,1.8                   ,                      ,1.8                   ,0.015622854232788088 ,                                       ,                                            ,                                      ,                                           ,                                                  ,
59             ,TSP_CITIES_SET_59_N_5.json,CPU                        ,particle_swarm_tsp,                  ,                      ,[]      ,False              ,                       ,                       ,[]         ,            ,PSO_POP_100_ALPHA_0_5_BETA_0_4_NR_ITER_100,"{'suffix': 'PSO_POP_100_ALPHA_0_5_BETA_0_4_NR_ITER_100', 'size_of_population': 100, 'alpha': 0.5, 'beta': 0.4, 'max_iterations': 100}",1.8                                                                                                                                    ,1.8                   ,                      ,1.8                   ,0.015587806701660156 ,                                       ,                                            ,                                      ,                                           ,                                                  ,
60             ,TSP_CITIES_SET_60_N_5.json,CPU                        ,particle_swarm_tsp,                  ,                      ,[]      ,False              ,                       ,                       ,[]         ,            ,PSO_POP_100_ALPHA_0_5_BETA_0_4_NR_ITER_100,"{'suffix': 'PSO_POP_100_ALPHA_0_5_BETA_0_4_NR_ITER_100', 'size_of_population': 100, 'alpha': 0.5, 'beta': 0.4, 'max_iterations': 100}",10.7                                                                                                                                   ,10.7                  ,                      ,10.7                  ,0.01558852195739746  ,                                       ,                                            ,                                      ,                                           ,                                                  ,
61             ,TSP_CITIES_SET_61_N_5.json,CPU                        ,particle_swarm_tsp,                  ,                      ,[]      ,False              ,                       ,                       ,[]         ,            ,PSO_POP_100_ALPHA_0_5_BETA_0_4_NR_ITER_100,"{'suffix': 'PSO_POP_100_ALPHA_0_5_BETA_0_4_NR_ITER_100', 'size_of_population': 100, 'alpha': 0.5, 'beta': 0.4, 'max_iterations': 100}",1.6                                                                                                                                    ,1.6                   ,                      ,1.6                   ,0.015623331069946287 ,                                       ,                                            ,                                      ,                                           ,                                                  ,
62             ,TSP_CITIES_SET_62_N_5.json,CPU                        ,particle_swarm_tsp,                  ,                      ,[]      ,False              ,                       ,                       ,[]         ,            ,PSO_POP_100_ALPHA_0_5_BETA_0_4_NR_ITER_100,"{'suffix': 'PSO_POP_100_ALPHA_0_5_BETA_0_4_NR_ITER_100', 'size_of_population': 100, 'alpha': 0.5, 'beta': 0.4, 'max_iterations': 100}",4.7                                                                                                                                    ,4.7                   ,                      ,4.7                   ,0.015586376190185547 ,                                       ,                                            ,                                      ,                                           ,                                                  ,
63             ,TSP_CITIES_SET_63_N_5.json,CPU                        ,particle_swarm_tsp,                  ,                      ,[]      ,False              ,                       ,                       ,[]         ,            ,PSO_POP_100_ALPHA_0_5_BETA_0_4_NR_ITER_100,"{'suffix': 'PSO_POP_100_ALPHA_0_5_BETA_0_4_NR_ITER_100', 'size_of_population': 100, 'alpha': 0.5, 'beta': 0.4, 'max_iterations': 100}",1.6                                                                                                                                    ,1.6                   ,                      ,1.6                   ,0.01564478874206543  ,                                       ,                                            ,                                      ,                                           ,                                                  ,
64             ,TSP_CITIES_SET_64_N_5.json,CPU                        ,particle_swarm_tsp,                  ,                      ,[]      ,False              ,                       ,                       ,[]         ,            ,PSO_POP_100_ALPHA_0_5_BETA_0_4_NR_ITER_100,"{'suffix': 'PSO_POP_100_ALPHA_0_5_BETA_0_4_NR_ITER_100', 'size_of_population': 100, 'alpha': 0.5, 'beta': 0.4, 'max_iterations': 100}",0.0                                                                                                                                    ,0.0                   ,                      ,0.0                   ,0.0                  ,                                       ,                                            ,                                      ,                                           ,                                                  ,
65             ,TSP_CITIES_SET_65_N_5.json,CPU                        ,particle_swarm_tsp,                  ,                      ,[]      ,False              ,                       ,                       ,[]         ,            ,PSO_POP_100_ALPHA_0_5_BETA_0_4_NR_ITER_100,"{'suffix': 'PSO_POP_100_ALPHA_0_5_BETA_0_4_NR_ITER_100', 'size_of_population': 100, 'alpha': 0.5, 'beta': 0.4, 'max_iterations': 100}",5.7                                                                                                                                    ,5.7                   ,                      ,5.7                   ,0.015587329864501953 ,                                       ,                                            ,                                      ,                                           ,                                                  ,
66             ,TSP_CITIES_SET_66_N_5.json,CPU                        ,particle_swarm_tsp,                  ,                      ,[]      ,False              ,                       ,                       ,[]         ,            ,PSO_POP_100_ALPHA_0_5_BETA_0_4_NR_ITER_100,"{'suffix': 'PSO_POP_100_ALPHA_0_5_BETA_0_4_NR_ITER_100', 'size_of_population': 100, 'alpha': 0.5, 'beta': 0.4, 'max_iterations': 100}",0.0                                                                                                                                    ,0.0                   ,                      ,0.0                   ,0.0                  ,                                       ,                                            ,                                      ,                                           ,                                                  ,
67             ,TSP_CITIES_SET_67_N_5.json,CPU                        ,particle_swarm_tsp,                  ,                      ,[]      ,False              ,                       ,                       ,[]         ,            ,PSO_POP_100_ALPHA_0_5_BETA_0_4_NR_ITER_100,"{'suffix': 'PSO_POP_100_ALPHA_0_5_BETA_0_4_NR_ITER_100', 'size_of_population': 100, 'alpha': 0.5, 'beta': 0.4, 'max_iterations': 100}",3.6                                                                                                                                    ,3.6                   ,                      ,3.6                   ,0.015627622604370117 ,                                       ,                                            ,                                      ,                                           ,                                                  ,
68             ,TSP_CITIES_SET_68_N_5.json,CPU                        ,particle_swarm_tsp,                  ,                      ,[]      ,False              ,                       ,                       ,[]         ,            ,PSO_POP_100_ALPHA_0_5_BETA_0_4_NR_ITER_100,"{'suffix': 'PSO_POP_100_ALPHA_0_5_BETA_0_4_NR_ITER_100', 'size_of_population': 100, 'alpha': 0.5, 'beta': 0.4, 'max_iterations': 100}",1.9                                                                                                                                    ,1.9                   ,                      ,1.9                   ,0.01564621925354004  ,                                       ,                                            ,                                      ,                                           ,                                                  ,
69             ,TSP_CITIES_SET_69_N_5.json,CPU                        ,particle_swarm_tsp,                  ,                      ,[]      ,False              ,                       ,                       ,[]         ,            ,PSO_POP_100_ALPHA_0_5_BETA_0_4_NR_ITER_100,"{'suffix': 'PSO_POP_100_ALPHA_0_5_BETA_0_4_NR_ITER_100', 'size_of_population': 100, 'alpha': 0.5, 'beta': 0.4, 'max_iterations': 100}",3.6                                                                                                                                    ,3.6                   ,                      ,3.6                   ,0.0156552791595459   ,                                       ,                                            ,                                      ,                                           ,                                                  ,
70             ,TSP_CITIES_SET_70_N_5.json,CPU                        ,particle_swarm_tsp,                  ,                      ,[]      ,False              ,                       ,                       ,[]         ,            ,PSO_POP_100_ALPHA_0_5_BETA_0_4_NR_ITER_100,"{'suffix': 'PSO_POP_100_ALPHA_0_5_BETA_0_4_NR_ITER_100', 'size_of_population': 100, 'alpha': 0.5, 'beta': 0.4, 'max_iterations': 100}",0.0                                                                                                                                    ,0.0                   ,                      ,0.0                   ,0.0                  ,                                       ,                                            ,                                      ,                                           ,                                                  ,
71             ,TSP_CITIES_SET_71_N_5.json,CPU                        ,particle_swarm_tsp,                  ,                      ,[]      ,False              ,                       ,                       ,[]         ,            ,PSO_POP_100_ALPHA_0_5_BETA_0_4_NR_ITER_100,"{'suffix': 'PSO_POP_100_ALPHA_0_5_BETA_0_4_NR_ITER_100', 'size_of_population': 100, 'alpha': 0.5, 'beta': 0.4, 'max_iterations': 100}",0.0                                                                                                                                    ,0.0                   ,                      ,0.0                   ,0.0                  ,                                       ,                                            ,                                      ,                                           ,                                                  ,
72             ,TSP_CITIES_SET_72_N_5.json,CPU                        ,particle_swarm_tsp,                  ,                      ,[]      ,False              ,                       ,                       ,[]         ,            ,PSO_POP_100_ALPHA_0_5_BETA_0_4_NR_ITER_100,"{'suffix': 'PSO_POP_100_ALPHA_0_5_BETA_0_4_NR_ITER_100', 'size_of_population': 100, 'alpha': 0.5, 'beta': 0.4, 'max_iterations': 100}",1.8                                                                                                                                    ,1.8                   ,                      ,1.8                   ,0.01566004753112793  ,                                       ,                                            ,                                      ,                                           ,                                                  ,
73             ,TSP_CITIES_SET_73_N_5.json,CPU                        ,particle_swarm_tsp,                  ,                      ,[]      ,False              ,                       ,                       ,[]         ,            ,PSO_POP_100_ALPHA_0_5_BETA_0_4_NR_ITER_100,"{'suffix': 'PSO_POP_100_ALPHA_0_5_BETA_0_4_NR_ITER_100', 'size_of_population': 100, 'alpha': 0.5, 'beta': 0.4, 'max_iterations': 100}",0.0                                                                                                                                    ,0.0                   ,                      ,0.0                   ,0.0                  ,                                       ,                                            ,                                      ,                                           ,                                                  ,
74             ,TSP_CITIES_SET_74_N_5.json,CPU                        ,particle_swarm_tsp,                  ,                      ,[]      ,False              ,                       ,                       ,[]         ,            ,PSO_POP_100_ALPHA_0_5_BETA_0_4_NR_ITER_100,"{'suffix': 'PSO_POP_100_ALPHA_0_5_BETA_0_4_NR_ITER_100', 'size_of_population': 100, 'alpha': 0.5, 'beta': 0.4, 'max_iterations': 100}",4.6                                                                                                                                    ,4.6                   ,                      ,4.6                   ,0.015627145767211914 ,                                       ,                                            ,                                      ,                                           ,                                                  ,
75             ,TSP_CITIES_SET_75_N_5.json,CPU                        ,particle_swarm_tsp,                  ,                      ,[]      ,False              ,                       ,                       ,[]         ,            ,PSO_POP_100_ALPHA_0_5_BETA_0_4_NR_ITER_100,"{'suffix': 'PSO_POP_100_ALPHA_0_5_BETA_0_4_NR_ITER_100', 'size_of_population': 100, 'alpha': 0.5, 'beta': 0.4, 'max_iterations': 100}",1.8                                                                                                                                    ,1.8                   ,                      ,1.8                   ,0.015639305114746094 ,                                       ,                                            ,                                      ,                                           ,                                                  ,
76             ,TSP_CITIES_SET_76_N_5.json,CPU                        ,particle_swarm_tsp,                  ,                      ,[]      ,False              ,                       ,                       ,[]         ,            ,PSO_POP_100_ALPHA_0_5_BETA_0_4_NR_ITER_100,"{'suffix': 'PSO_POP_100_ALPHA_0_5_BETA_0_4_NR_ITER_100', 'size_of_population': 100, 'alpha': 0.5, 'beta': 0.4, 'max_iterations': 100}",7.8                                                                                                                                    ,7.8                   ,                      ,7.8                   ,0.03130054473876953  ,                                       ,                                            ,                                      ,                                           ,                                                  ,
77             ,TSP_CITIES_SET_77_N_5.json,CPU                        ,particle_swarm_tsp,                  ,                      ,[]      ,False              ,                       ,                       ,[]         ,            ,PSO_POP_100_ALPHA_0_5_BETA_0_4_NR_ITER_100,"{'suffix': 'PSO_POP_100_ALPHA_0_5_BETA_0_4_NR_ITER_100', 'size_of_population': 100, 'alpha': 0.5, 'beta': 0.4, 'max_iterations': 100}",1.8                                                                                                                                    ,1.8                   ,                      ,1.8                   ,0.0                  ,                                       ,                                            ,                                      ,                                           ,                                                  ,
78             ,TSP_CITIES_SET_78_N_5.json,CPU                        ,particle_swarm_tsp,                  ,                      ,[]      ,False              ,                       ,                       ,[]         ,            ,PSO_POP_100_ALPHA_0_5_BETA_0_4_NR_ITER_100,"{'suffix': 'PSO_POP_100_ALPHA_0_5_BETA_0_4_NR_ITER_100', 'size_of_population': 100, 'alpha': 0.5, 'beta': 0.4, 'max_iterations': 100}",1.6                                                                                                                                    ,1.6                   ,                      ,1.6                   ,0.01562380790710449  ,                                       ,                                            ,                                      ,                                           ,                                                  ,
79             ,TSP_CITIES_SET_79_N_5.json,CPU                        ,particle_swarm_tsp,                  ,                      ,[]      ,False              ,                       ,                       ,[]         ,            ,PSO_POP_100_ALPHA_0_5_BETA_0_4_NR_ITER_100,"{'suffix': 'PSO_POP_100_ALPHA_0_5_BETA_0_4_NR_ITER_100', 'size_of_population': 100, 'alpha': 0.5, 'beta': 0.4, 'max_iterations': 100}",0.0                                                                                                                                    ,0.0                   ,                      ,0.0                   ,0.0                  ,                                       ,                                            ,                                      ,                                           ,                                                  ,
80             ,TSP_CITIES_SET_80_N_5.json,CPU                        ,particle_swarm_tsp,                  ,                      ,[]      ,False              ,                       ,                       ,[]         ,            ,PSO_POP_100_ALPHA_0_5_BETA_0_4_NR_ITER_100,"{'suffix': 'PSO_POP_100_ALPHA_0_5_BETA_0_4_NR_ITER_100', 'size_of_population': 100, 'alpha': 0.5, 'beta': 0.4, 'max_iterations': 100}",1.8                                                                                                                                    ,1.8                   ,                      ,1.8                   ,0.0                  ,                                       ,                                            ,                                      ,                                           ,                                                  ,
81             ,TSP_CITIES_SET_81_N_5.json,CPU                        ,particle_swarm_tsp,                  ,                      ,[]      ,False              ,                       ,                       ,[]         ,            ,PSO_POP_100_ALPHA_0_5_BETA_0_4_NR_ITER_100,"{'suffix': 'PSO_POP_100_ALPHA_0_5_BETA_0_4_NR_ITER_100', 'size_of_population': 100, 'alpha': 0.5, 'beta': 0.4, 'max_iterations': 100}",1.8                                                                                                                                    ,1.8                   ,                      ,1.8                   ,0.015619754791259766 ,                                       ,                                            ,                                      ,                                           ,                                                  ,
82             ,TSP_CITIES_SET_82_N_5.json,CPU                        ,particle_swarm_tsp,                  ,                      ,[]      ,False              ,                       ,                       ,[]         ,            ,PSO_POP_100_ALPHA_0_5_BETA_0_4_NR_ITER_100,"{'suffix': 'PSO_POP_100_ALPHA_0_5_BETA_0_4_NR_ITER_100', 'size_of_population': 100, 'alpha': 0.5, 'beta': 0.4, 'max_iterations': 100}",26.6                                                                                                                                   ,26.6                  ,                      ,26.6                  ,0.015612363815307615 ,                                       ,                                            ,                                      ,                                           ,                                                  ,
83             ,TSP_CITIES_SET_83_N_5.json,CPU                        ,particle_swarm_tsp,                  ,                      ,[]      ,False              ,                       ,                       ,[]         ,            ,PSO_POP_100_ALPHA_0_5_BETA_0_4_NR_ITER_100,"{'suffix': 'PSO_POP_100_ALPHA_0_5_BETA_0_4_NR_ITER_100', 'size_of_population': 100, 'alpha': 0.5, 'beta': 0.4, 'max_iterations': 100}",17.9                                                                                                                                   ,17.9                  ,                      ,17.9                  ,0.01562643051147461  ,                                       ,                                            ,                                      ,                                           ,                                                  ,
84             ,TSP_CITIES_SET_84_N_5.json,CPU                        ,particle_swarm_tsp,                  ,                      ,[]      ,False              ,                       ,                       ,[]         ,            ,PSO_POP_100_ALPHA_0_5_BETA_0_4_NR_ITER_100,"{'suffix': 'PSO_POP_100_ALPHA_0_5_BETA_0_4_NR_ITER_100', 'size_of_population': 100, 'alpha': 0.5, 'beta': 0.4, 'max_iterations': 100}",1.5                                                                                                                                    ,1.5                   ,                      ,1.5                   ,0.015615224838256838 ,                                       ,                                            ,                                      ,                                           ,                                                  ,
85             ,TSP_CITIES_SET_85_N_5.json,CPU                        ,particle_swarm_tsp,                  ,                      ,[]      ,False              ,                       ,                       ,[]         ,            ,PSO_POP_100_ALPHA_0_5_BETA_0_4_NR_ITER_100,"{'suffix': 'PSO_POP_100_ALPHA_0_5_BETA_0_4_NR_ITER_100', 'size_of_population': 100, 'alpha': 0.5, 'beta': 0.4, 'max_iterations': 100}",16.1                                                                                                                                   ,16.1                  ,                      ,16.1                  ,0.015624046325683594 ,                                       ,                                            ,                                      ,                                           ,                                                  ,
86             ,TSP_CITIES_SET_86_N_5.json,CPU                        ,particle_swarm_tsp,                  ,                      ,[]      ,False              ,                       ,                       ,[]         ,            ,PSO_POP_100_ALPHA_0_5_BETA_0_4_NR_ITER_100,"{'suffix': 'PSO_POP_100_ALPHA_0_5_BETA_0_4_NR_ITER_100', 'size_of_population': 100, 'alpha': 0.5, 'beta': 0.4, 'max_iterations': 100}",5.3                                                                                                                                    ,5.3                   ,                      ,5.3                   ,0.015624523162841797 ,                                       ,                                            ,                                      ,                                           ,                                                  ,
87             ,TSP_CITIES_SET_87_N_5.json,CPU                        ,particle_swarm_tsp,                  ,                      ,[]      ,False              ,                       ,                       ,[]         ,            ,PSO_POP_100_ALPHA_0_5_BETA_0_4_NR_ITER_100,"{'suffix': 'PSO_POP_100_ALPHA_0_5_BETA_0_4_NR_ITER_100', 'size_of_population': 100, 'alpha': 0.5, 'beta': 0.4, 'max_iterations': 100}",14.1                                                                                                                                   ,14.1                  ,                      ,14.1                  ,0.01562356948852539  ,                                       ,                                            ,                                      ,                                           ,                                                  ,
88             ,TSP_CITIES_SET_88_N_5.json,CPU                        ,particle_swarm_tsp,                  ,                      ,[]      ,False              ,                       ,                       ,[]         ,            ,PSO_POP_100_ALPHA_0_5_BETA_0_4_NR_ITER_100,"{'suffix': 'PSO_POP_100_ALPHA_0_5_BETA_0_4_NR_ITER_100', 'size_of_population': 100, 'alpha': 0.5, 'beta': 0.4, 'max_iterations': 100}",3.5                                                                                                                                    ,3.5                   ,                      ,3.5                   ,0.015612840652465819 ,                                       ,                                            ,                                      ,                                           ,                                                  ,
89             ,TSP_CITIES_SET_89_N_5.json,CPU                        ,particle_swarm_tsp,                  ,                      ,[]      ,False              ,                       ,                       ,[]         ,            ,PSO_POP_100_ALPHA_0_5_BETA_0_4_NR_ITER_100,"{'suffix': 'PSO_POP_100_ALPHA_0_5_BETA_0_4_NR_ITER_100', 'size_of_population': 100, 'alpha': 0.5, 'beta': 0.4, 'max_iterations': 100}",16.1                                                                                                                                   ,16.1                  ,                      ,16.1                  ,0.015625             ,                                       ,                                            ,                                      ,                                           ,                                                  ,
90             ,TSP_CITIES_SET_90_N_5.json,CPU                        ,particle_swarm_tsp,                  ,                      ,[]      ,False              ,                       ,                       ,[]         ,            ,PSO_POP_100_ALPHA_0_5_BETA_0_4_NR_ITER_100,"{'suffix': 'PSO_POP_100_ALPHA_0_5_BETA_0_4_NR_ITER_100', 'size_of_population': 100, 'alpha': 0.5, 'beta': 0.4, 'max_iterations': 100}",1.8                                                                                                                                    ,1.8                   ,                      ,1.8                   ,0.015621900558471681 ,                                       ,                                            ,                                      ,                                           ,                                                  ,
91             ,TSP_CITIES_SET_91_N_5.json,CPU                        ,particle_swarm_tsp,                  ,                      ,[]      ,False              ,                       ,                       ,[]         ,            ,PSO_POP_100_ALPHA_0_5_BETA_0_4_NR_ITER_100,"{'suffix': 'PSO_POP_100_ALPHA_0_5_BETA_0_4_NR_ITER_100', 'size_of_population': 100, 'alpha': 0.5, 'beta': 0.4, 'max_iterations': 100}",14.1                                                                                                                                   ,14.1                  ,                      ,14.1                  ,0.015624284744262697 ,                                       ,                                            ,                                      ,                                           ,                                                  ,
92             ,TSP_CITIES_SET_92_N_5.json,CPU                        ,particle_swarm_tsp,                  ,                      ,[]      ,False              ,                       ,                       ,[]         ,            ,PSO_POP_100_ALPHA_0_5_BETA_0_4_NR_ITER_100,"{'suffix': 'PSO_POP_100_ALPHA_0_5_BETA_0_4_NR_ITER_100', 'size_of_population': 100, 'alpha': 0.5, 'beta': 0.4, 'max_iterations': 100}",3.6                                                                                                                                    ,3.6                   ,                      ,3.6                   ,0.0                  ,                                       ,                                            ,                                      ,                                           ,                                                  ,
93             ,TSP_CITIES_SET_93_N_5.json,CPU                        ,particle_swarm_tsp,                  ,                      ,[]      ,False              ,                       ,                       ,[]         ,            ,PSO_POP_100_ALPHA_0_5_BETA_0_4_NR_ITER_100,"{'suffix': 'PSO_POP_100_ALPHA_0_5_BETA_0_4_NR_ITER_100', 'size_of_population': 100, 'alpha': 0.5, 'beta': 0.4, 'max_iterations': 100}",5.3                                                                                                                                    ,5.3                   ,                      ,5.3                   ,0.015587091445922853 ,                                       ,                                            ,                                      ,                                           ,                                                  ,
94             ,TSP_CITIES_SET_94_N_5.json,CPU                        ,particle_swarm_tsp,                  ,                      ,[]      ,False              ,                       ,                       ,[]         ,            ,PSO_POP_100_ALPHA_0_5_BETA_0_4_NR_ITER_100,"{'suffix': 'PSO_POP_100_ALPHA_0_5_BETA_0_4_NR_ITER_100', 'size_of_population': 100, 'alpha': 0.5, 'beta': 0.4, 'max_iterations': 100}",1.8                                                                                                                                    ,1.8                   ,                      ,1.8                   ,0.011998176574707031 ,                                       ,                                            ,                                      ,                                           ,                                                  ,
95             ,TSP_CITIES_SET_95_N_5.json,CPU                        ,particle_swarm_tsp,                  ,                      ,[]      ,False              ,                       ,                       ,[]         ,            ,PSO_POP_100_ALPHA_0_5_BETA_0_4_NR_ITER_100,"{'suffix': 'PSO_POP_100_ALPHA_0_5_BETA_0_4_NR_ITER_100', 'size_of_population': 100, 'alpha': 0.5, 'beta': 0.4, 'max_iterations': 100}",9.7                                                                                                                                    ,9.7                   ,                      ,9.7                   ,0.0324101448059082   ,                                       ,                                            ,                                      ,                                           ,                                                  ,
96             ,TSP_CITIES_SET_96_N_5.json,CPU                        ,particle_swarm_tsp,                  ,                      ,[]      ,False              ,                       ,                       ,[]         ,            ,PSO_POP_100_ALPHA_0_5_BETA_0_4_NR_ITER_100,"{'suffix': 'PSO_POP_100_ALPHA_0_5_BETA_0_4_NR_ITER_100', 'size_of_population': 100, 'alpha': 0.5, 'beta': 0.4, 'max_iterations': 100}",16.1                                                                                                                                   ,16.1                  ,                      ,16.1                  ,0.015624761581420897 ,                                       ,                                            ,                                      ,                                           ,                                                  ,
97             ,TSP_CITIES_SET_97_N_5.json,CPU                        ,particle_swarm_tsp,                  ,                      ,[]      ,False              ,                       ,                       ,[]         ,            ,PSO_POP_100_ALPHA_0_5_BETA_0_4_NR_ITER_100,"{'suffix': 'PSO_POP_100_ALPHA_0_5_BETA_0_4_NR_ITER_100', 'size_of_population': 100, 'alpha': 0.5, 'beta': 0.4, 'max_iterations': 100}",10.9                                                                                                                                   ,10.9                  ,                      ,10.9                  ,0.015620231628417969 ,                                       ,                                            ,                                      ,                                           ,                                                  ,
98             ,TSP_CITIES_SET_98_N_5.json,CPU                        ,particle_swarm_tsp,                  ,                      ,[]      ,False              ,                       ,                       ,[]         ,            ,PSO_POP_100_ALPHA_0_5_BETA_0_4_NR_ITER_100,"{'suffix': 'PSO_POP_100_ALPHA_0_5_BETA_0_4_NR_ITER_100', 'size_of_population': 100, 'alpha': 0.5, 'beta': 0.4, 'max_iterations': 100}",1.8                                                                                                                                    ,1.8                   ,                      ,1.8                   ,0.0156252384185791   ,                                       ,                                            ,                                      ,                                           ,                                                  ,
99             ,TSP_CITIES_SET_99_N_5.json,CPU                        ,particle_swarm_tsp,                  ,                      ,[]      ,False              ,                       ,                       ,[]         ,            ,PSO_POP_100_ALPHA_0_5_BETA_0_4_NR_ITER_100,"{'suffix': 'PSO_POP_100_ALPHA_0_5_BETA_0_4_NR_ITER_100', 'size_of_population': 100, 'alpha': 0.5, 'beta': 0.4, 'max_iterations': 100}",0.0                                                                                                                                    ,0.0                   ,                      ,0.0                   ,0.0                  ,                                       ,                                            ,                                      ,                                           ,                                                  ,
0              ,TSP_CITIES_SET_0_N_6.json ,CPU                        ,particle_swarm_tsp,                  ,                      ,[]      ,False              ,                       ,                       ,[]         ,            ,PSO_POP_100_ALPHA_0_5_BETA_0_4_NR_ITER_100,"{'suffix': 'PSO_POP_100_ALPHA_0_5_BETA_0_4_NR_ITER_100', 'size_of_population': 100, 'alpha': 0.5, 'beta': 0.4, 'max_iterations': 100}",3.8                                                                                                                                    ,3.8                   ,                      ,3.8                   ,0.03121829032897949  ,                                       ,                                            ,                                      ,                                           ,                                                  ,
1              ,TSP_CITIES_SET_1_N_6.json ,CPU                        ,particle_swarm_tsp,                  ,                      ,[]      ,False              ,                       ,                       ,[]         ,            ,PSO_POP_100_ALPHA_0_5_BETA_0_4_NR_ITER_100,"{'suffix': 'PSO_POP_100_ALPHA_0_5_BETA_0_4_NR_ITER_100', 'size_of_population': 100, 'alpha': 0.5, 'beta': 0.4, 'max_iterations': 100}",17.2                                                                                                                                   ,17.2                  ,                      ,17.2                  ,0.046869754791259766 ,                                       ,                                            ,                                      ,                                           ,                                                  ,
2              ,TSP_CITIES_SET_2_N_6.json ,CPU                        ,particle_swarm_tsp,                  ,                      ,[]      ,False              ,                       ,                       ,[]         ,            ,PSO_POP_100_ALPHA_0_5_BETA_0_4_NR_ITER_100,"{'suffix': 'PSO_POP_100_ALPHA_0_5_BETA_0_4_NR_ITER_100', 'size_of_population': 100, 'alpha': 0.5, 'beta': 0.4, 'max_iterations': 100}",23.2                                                                                                                                   ,23.2                  ,                      ,23.2                  ,0.044124364852905266 ,                                       ,                                            ,                                      ,                                           ,                                                  ,
3              ,TSP_CITIES_SET_3_N_6.json ,CPU                        ,particle_swarm_tsp,                  ,                      ,[]      ,False              ,                       ,                       ,[]         ,            ,PSO_POP_100_ALPHA_0_5_BETA_0_4_NR_ITER_100,"{'suffix': 'PSO_POP_100_ALPHA_0_5_BETA_0_4_NR_ITER_100', 'size_of_population': 100, 'alpha': 0.5, 'beta': 0.4, 'max_iterations': 100}",3.5                                                                                                                                    ,3.5                   ,                      ,3.5                   ,0.03120708465576172  ,                                       ,                                            ,                                      ,                                           ,                                                  ,
4              ,TSP_CITIES_SET_4_N_6.json ,CPU                        ,particle_swarm_tsp,                  ,                      ,[]      ,False              ,                       ,                       ,[]         ,            ,PSO_POP_100_ALPHA_0_5_BETA_0_4_NR_ITER_100,"{'suffix': 'PSO_POP_100_ALPHA_0_5_BETA_0_4_NR_ITER_100', 'size_of_population': 100, 'alpha': 0.5, 'beta': 0.4, 'max_iterations': 100}",4.7                                                                                                                                    ,4.7                   ,                      ,4.7                   ,0.04689455032348633  ,                                       ,                                            ,                                      ,                                           ,                                                  ,
5              ,TSP_CITIES_SET_5_N_6.json ,CPU                        ,particle_swarm_tsp,                  ,                      ,[]      ,False              ,                       ,                       ,[]         ,            ,PSO_POP_100_ALPHA_0_5_BETA_0_4_NR_ITER_100,"{'suffix': 'PSO_POP_100_ALPHA_0_5_BETA_0_4_NR_ITER_100', 'size_of_population': 100, 'alpha': 0.5, 'beta': 0.4, 'max_iterations': 100}",5.5                                                                                                                                    ,5.5                   ,                      ,5.5                   ,0.03124713897705078  ,                                       ,                                            ,                                      ,                                           ,                                                  ,
6              ,TSP_CITIES_SET_6_N_6.json ,CPU                        ,particle_swarm_tsp,                  ,                      ,[]      ,False              ,                       ,                       ,[]         ,            ,PSO_POP_100_ALPHA_0_5_BETA_0_4_NR_ITER_100,"{'suffix': 'PSO_POP_100_ALPHA_0_5_BETA_0_4_NR_ITER_100', 'size_of_population': 100, 'alpha': 0.5, 'beta': 0.4, 'max_iterations': 100}",6.2                                                                                                                                    ,6.2                   ,                      ,6.2                   ,0.046872854232788086 ,                                       ,                                            ,                                      ,                                           ,                                                  ,
7              ,TSP_CITIES_SET_7_N_6.json ,CPU                        ,particle_swarm_tsp,                  ,                      ,[]      ,False              ,                       ,                       ,[]         ,            ,PSO_POP_100_ALPHA_0_5_BETA_0_4_NR_ITER_100,"{'suffix': 'PSO_POP_100_ALPHA_0_5_BETA_0_4_NR_ITER_100', 'size_of_population': 100, 'alpha': 0.5, 'beta': 0.4, 'max_iterations': 100}",3.5                                                                                                                                    ,3.5                   ,                      ,3.5                   ,0.03124713897705078  ,                                       ,                                            ,                                      ,                                           ,                                                  ,
8              ,TSP_CITIES_SET_8_N_6.json ,CPU                        ,particle_swarm_tsp,                  ,                      ,[]      ,False              ,                       ,                       ,[]         ,            ,PSO_POP_100_ALPHA_0_5_BETA_0_4_NR_ITER_100,"{'suffix': 'PSO_POP_100_ALPHA_0_5_BETA_0_4_NR_ITER_100', 'size_of_population': 100, 'alpha': 0.5, 'beta': 0.4, 'max_iterations': 100}",4.7                                                                                                                                    ,4.7                   ,                      ,4.7                   ,0.032453060150146484 ,                                       ,                                            ,                                      ,                                           ,                                                  ,
9              ,TSP_CITIES_SET_9_N_6.json ,CPU                        ,particle_swarm_tsp,                  ,                      ,[]      ,False              ,                       ,                       ,[]         ,            ,PSO_POP_100_ALPHA_0_5_BETA_0_4_NR_ITER_100,"{'suffix': 'PSO_POP_100_ALPHA_0_5_BETA_0_4_NR_ITER_100', 'size_of_population': 100, 'alpha': 0.5, 'beta': 0.4, 'max_iterations': 100}",18.8                                                                                                                                   ,18.8                  ,                      ,18.8                  ,0.0625002384185791   ,                                       ,                                            ,                                      ,                                           ,                                                  ,
10             ,TSP_CITIES_SET_10_N_6.json,CPU                        ,particle_swarm_tsp,                  ,                      ,[]      ,False              ,                       ,                       ,[]         ,            ,PSO_POP_100_ALPHA_0_5_BETA_0_4_NR_ITER_100,"{'suffix': 'PSO_POP_100_ALPHA_0_5_BETA_0_4_NR_ITER_100', 'size_of_population': 100, 'alpha': 0.5, 'beta': 0.4, 'max_iterations': 100}",4.7                                                                                                                                    ,4.7                   ,                      ,4.7                   ,0.046870946884155266 ,                                       ,                                            ,                                      ,                                           ,                                                  ,
11             ,TSP_CITIES_SET_11_N_6.json,CPU                        ,particle_swarm_tsp,                  ,                      ,[]      ,False              ,                       ,                       ,[]         ,            ,PSO_POP_100_ALPHA_0_5_BETA_0_4_NR_ITER_100,"{'suffix': 'PSO_POP_100_ALPHA_0_5_BETA_0_4_NR_ITER_100', 'size_of_population': 100, 'alpha': 0.5, 'beta': 0.4, 'max_iterations': 100}",14.3                                                                                                                                   ,14.3                  ,                      ,14.3                  ,0.031243562698364258 ,                                       ,                                            ,                                      ,                                           ,                                                  ,
12             ,TSP_CITIES_SET_12_N_6.json,CPU                        ,particle_swarm_tsp,                  ,                      ,[]      ,False              ,                       ,                       ,[]         ,            ,PSO_POP_100_ALPHA_0_5_BETA_0_4_NR_ITER_100,"{'suffix': 'PSO_POP_100_ALPHA_0_5_BETA_0_4_NR_ITER_100', 'size_of_population': 100, 'alpha': 0.5, 'beta': 0.4, 'max_iterations': 100}",3.6                                                                                                                                    ,3.6                   ,                      ,3.6                   ,0.031270503997802734 ,                                       ,                                            ,                                      ,                                           ,                                                  ,
13             ,TSP_CITIES_SET_13_N_6.json,CPU                        ,particle_swarm_tsp,                  ,                      ,[]      ,False              ,                       ,                       ,[]         ,            ,PSO_POP_100_ALPHA_0_5_BETA_0_4_NR_ITER_100,"{'suffix': 'PSO_POP_100_ALPHA_0_5_BETA_0_4_NR_ITER_100', 'size_of_population': 100, 'alpha': 0.5, 'beta': 0.4, 'max_iterations': 100}",3.5                                                                                                                                    ,3.5                   ,                      ,3.5                   ,0.031249046325683594 ,                                       ,                                            ,                                      ,                                           ,                                                  ,
14             ,TSP_CITIES_SET_14_N_6.json,CPU                        ,particle_swarm_tsp,                  ,                      ,[]      ,False              ,                       ,                       ,[]         ,            ,PSO_POP_100_ALPHA_0_5_BETA_0_4_NR_ITER_100,"{'suffix': 'PSO_POP_100_ALPHA_0_5_BETA_0_4_NR_ITER_100', 'size_of_population': 100, 'alpha': 0.5, 'beta': 0.4, 'max_iterations': 100}",17.9                                                                                                                                   ,17.9                  ,                      ,17.9                  ,0.04684042930603026  ,                                       ,                                            ,                                      ,                                           ,                                                  ,
15             ,TSP_CITIES_SET_15_N_6.json,CPU                        ,particle_swarm_tsp,                  ,                      ,[]      ,False              ,                       ,                       ,[]         ,            ,PSO_POP_100_ALPHA_0_5_BETA_0_4_NR_ITER_100,"{'suffix': 'PSO_POP_100_ALPHA_0_5_BETA_0_4_NR_ITER_100', 'size_of_population': 100, 'alpha': 0.5, 'beta': 0.4, 'max_iterations': 100}",7.1                                                                                                                                    ,7.1                   ,                      ,7.1                   ,0.04687356948852539  ,                                       ,                                            ,                                      ,                                           ,                                                  ,
16             ,TSP_CITIES_SET_16_N_6.json,CPU                        ,particle_swarm_tsp,                  ,                      ,[]      ,False              ,                       ,                       ,[]         ,            ,PSO_POP_100_ALPHA_0_5_BETA_0_4_NR_ITER_100,"{'suffix': 'PSO_POP_100_ALPHA_0_5_BETA_0_4_NR_ITER_100', 'size_of_population': 100, 'alpha': 0.5, 'beta': 0.4, 'max_iterations': 100}",5.5                                                                                                                                    ,5.5                   ,                      ,5.5                   ,0.03124880790710449  ,                                       ,                                            ,                                      ,                                           ,                                                  ,
17             ,TSP_CITIES_SET_17_N_6.json,CPU                        ,particle_swarm_tsp,                  ,                      ,[]      ,False              ,                       ,                       ,[]         ,            ,PSO_POP_100_ALPHA_0_5_BETA_0_4_NR_ITER_100,"{'suffix': 'PSO_POP_100_ALPHA_0_5_BETA_0_4_NR_ITER_100', 'size_of_population': 100, 'alpha': 0.5, 'beta': 0.4, 'max_iterations': 100}",17.9                                                                                                                                   ,17.9                  ,                      ,17.9                  ,0.03539562225341797  ,                                       ,                                            ,                                      ,                                           ,                                                  ,
18             ,TSP_CITIES_SET_18_N_6.json,CPU                        ,particle_swarm_tsp,                  ,                      ,[]      ,False              ,                       ,                       ,[]         ,            ,PSO_POP_100_ALPHA_0_5_BETA_0_4_NR_ITER_100,"{'suffix': 'PSO_POP_100_ALPHA_0_5_BETA_0_4_NR_ITER_100', 'size_of_population': 100, 'alpha': 0.5, 'beta': 0.4, 'max_iterations': 100}",7.8                                                                                                                                    ,7.8                   ,                      ,7.8                   ,0.031247854232788086 ,                                       ,                                            ,                                      ,                                           ,                                                  ,
19             ,TSP_CITIES_SET_19_N_6.json,CPU                        ,particle_swarm_tsp,                  ,                      ,[]      ,False              ,                       ,                       ,[]         ,            ,PSO_POP_100_ALPHA_0_5_BETA_0_4_NR_ITER_100,"{'suffix': 'PSO_POP_100_ALPHA_0_5_BETA_0_4_NR_ITER_100', 'size_of_population': 100, 'alpha': 0.5, 'beta': 0.4, 'max_iterations': 100}",3.6                                                                                                                                    ,3.6                   ,                      ,3.6                   ,0.031243324279785163 ,                                       ,                                            ,                                      ,                                           ,                                                  ,
20             ,TSP_CITIES_SET_20_N_6.json,CPU                        ,particle_swarm_tsp,                  ,                      ,[]      ,False              ,                       ,                       ,[]         ,            ,PSO_POP_100_ALPHA_0_5_BETA_0_4_NR_ITER_100,"{'suffix': 'PSO_POP_100_ALPHA_0_5_BETA_0_4_NR_ITER_100', 'size_of_population': 100, 'alpha': 0.5, 'beta': 0.4, 'max_iterations': 100}",17.5                                                                                                                                   ,17.5                  ,                      ,17.5                  ,0.031250715255737305 ,                                       ,                                            ,                                      ,                                           ,                                                  ,
21             ,TSP_CITIES_SET_21_N_6.json,CPU                        ,particle_swarm_tsp,                  ,                      ,[]      ,False              ,                       ,                       ,[]         ,            ,PSO_POP_100_ALPHA_0_5_BETA_0_4_NR_ITER_100,"{'suffix': 'PSO_POP_100_ALPHA_0_5_BETA_0_4_NR_ITER_100', 'size_of_population': 100, 'alpha': 0.5, 'beta': 0.4, 'max_iterations': 100}",3.6                                                                                                                                    ,3.6                   ,                      ,3.6                   ,0.03124713897705078  ,                                       ,                                            ,                                      ,                                           ,                                                  ,
22             ,TSP_CITIES_SET_22_N_6.json,CPU                        ,particle_swarm_tsp,                  ,                      ,[]      ,False              ,                       ,                       ,[]         ,            ,PSO_POP_100_ALPHA_0_5_BETA_0_4_NR_ITER_100,"{'suffix': 'PSO_POP_100_ALPHA_0_5_BETA_0_4_NR_ITER_100', 'size_of_population': 100, 'alpha': 0.5, 'beta': 0.4, 'max_iterations': 100}",3.6                                                                                                                                    ,3.6                   ,                      ,3.6                   ,0.03124761581420898  ,                                       ,                                            ,                                      ,                                           ,                                                  ,
23             ,TSP_CITIES_SET_23_N_6.json,CPU                        ,particle_swarm_tsp,                  ,                      ,[]      ,False              ,                       ,                       ,[]         ,            ,PSO_POP_100_ALPHA_0_5_BETA_0_4_NR_ITER_100,"{'suffix': 'PSO_POP_100_ALPHA_0_5_BETA_0_4_NR_ITER_100', 'size_of_population': 100, 'alpha': 0.5, 'beta': 0.4, 'max_iterations': 100}",3.4                                                                                                                                    ,3.4                   ,                      ,3.4                   ,0.031248092651367188 ,                                       ,                                            ,                                      ,                                           ,                                                  ,
24             ,TSP_CITIES_SET_24_N_6.json,CPU                        ,particle_swarm_tsp,                  ,                      ,[]      ,False              ,                       ,                       ,[]         ,            ,PSO_POP_100_ALPHA_0_5_BETA_0_4_NR_ITER_100,"{'suffix': 'PSO_POP_100_ALPHA_0_5_BETA_0_4_NR_ITER_100', 'size_of_population': 100, 'alpha': 0.5, 'beta': 0.4, 'max_iterations': 100}",3.6                                                                                                                                    ,3.6                   ,                      ,3.6                   ,0.031218528747558594 ,                                       ,                                            ,                                      ,                                           ,                                                  ,
25             ,TSP_CITIES_SET_25_N_6.json,CPU                        ,particle_swarm_tsp,                  ,                      ,[]      ,False              ,                       ,                       ,[]         ,            ,PSO_POP_100_ALPHA_0_5_BETA_0_4_NR_ITER_100,"{'suffix': 'PSO_POP_100_ALPHA_0_5_BETA_0_4_NR_ITER_100', 'size_of_population': 100, 'alpha': 0.5, 'beta': 0.4, 'max_iterations': 100}",3.4                                                                                                                                    ,3.4                   ,                      ,3.4                   ,0.031210899353027344 ,                                       ,                                            ,                                      ,                                           ,                                                  ,
26             ,TSP_CITIES_SET_26_N_6.json,CPU                        ,particle_swarm_tsp,                  ,                      ,[]      ,False              ,                       ,                       ,[]         ,            ,PSO_POP_100_ALPHA_0_5_BETA_0_4_NR_ITER_100,"{'suffix': 'PSO_POP_100_ALPHA_0_5_BETA_0_4_NR_ITER_100', 'size_of_population': 100, 'alpha': 0.5, 'beta': 0.4, 'max_iterations': 100}",4.7                                                                                                                                    ,4.7                   ,                      ,4.7                   ,0.04687356948852539  ,                                       ,                                            ,                                      ,                                           ,                                                  ,
27             ,TSP_CITIES_SET_27_N_6.json,CPU                        ,particle_swarm_tsp,                  ,                      ,[]      ,False              ,                       ,                       ,[]         ,            ,PSO_POP_100_ALPHA_0_5_BETA_0_4_NR_ITER_100,"{'suffix': 'PSO_POP_100_ALPHA_0_5_BETA_0_4_NR_ITER_100', 'size_of_population': 100, 'alpha': 0.5, 'beta': 0.4, 'max_iterations': 100}",3.1                                                                                                                                    ,3.1                   ,                      ,3.1                   ,0.031249046325683594 ,                                       ,                                            ,                                      ,                                           ,                                                  ,
28             ,TSP_CITIES_SET_28_N_6.json,CPU                        ,particle_swarm_tsp,                  ,                      ,[]      ,False              ,                       ,                       ,[]         ,            ,PSO_POP_100_ALPHA_0_5_BETA_0_4_NR_ITER_100,"{'suffix': 'PSO_POP_100_ALPHA_0_5_BETA_0_4_NR_ITER_100', 'size_of_population': 100, 'alpha': 0.5, 'beta': 0.4, 'max_iterations': 100}",3.6                                                                                                                                    ,3.6                   ,                      ,3.6                   ,0.0312502384185791   ,                                       ,                                            ,                                      ,                                           ,                                                  ,
29             ,TSP_CITIES_SET_29_N_6.json,CPU                        ,particle_swarm_tsp,                  ,                      ,[]      ,False              ,                       ,                       ,[]         ,            ,PSO_POP_100_ALPHA_0_5_BETA_0_4_NR_ITER_100,"{'suffix': 'PSO_POP_100_ALPHA_0_5_BETA_0_4_NR_ITER_100', 'size_of_population': 100, 'alpha': 0.5, 'beta': 0.4, 'max_iterations': 100}",6.2                                                                                                                                    ,6.2                   ,                      ,6.2                   ,0.04686999320983887  ,                                       ,                                            ,                                      ,                                           ,                                                  ,
30             ,TSP_CITIES_SET_30_N_6.json,CPU                        ,particle_swarm_tsp,                  ,                      ,[]      ,False              ,                       ,                       ,[]         ,            ,PSO_POP_100_ALPHA_0_5_BETA_0_4_NR_ITER_100,"{'suffix': 'PSO_POP_100_ALPHA_0_5_BETA_0_4_NR_ITER_100', 'size_of_population': 100, 'alpha': 0.5, 'beta': 0.4, 'max_iterations': 100}",4.7                                                                                                                                    ,4.7                   ,                      ,4.7                   ,0.03126358985900879  ,                                       ,                                            ,                                      ,                                           ,                                                  ,
31             ,TSP_CITIES_SET_31_N_6.json,CPU                        ,particle_swarm_tsp,                  ,                      ,[]      ,False              ,                       ,                       ,[]         ,            ,PSO_POP_100_ALPHA_0_5_BETA_0_4_NR_ITER_100,"{'suffix': 'PSO_POP_100_ALPHA_0_5_BETA_0_4_NR_ITER_100', 'size_of_population': 100, 'alpha': 0.5, 'beta': 0.4, 'max_iterations': 100}",7.3                                                                                                                                    ,7.3                   ,                      ,7.3                   ,0.03121209144592285  ,                                       ,                                            ,                                      ,                                           ,                                                  ,
32             ,TSP_CITIES_SET_32_N_6.json,CPU                        ,particle_swarm_tsp,                  ,                      ,[]      ,False              ,                       ,                       ,[]         ,            ,PSO_POP_100_ALPHA_0_5_BETA_0_4_NR_ITER_100,"{'suffix': 'PSO_POP_100_ALPHA_0_5_BETA_0_4_NR_ITER_100', 'size_of_population': 100, 'alpha': 0.5, 'beta': 0.4, 'max_iterations': 100}",3.1                                                                                                                                    ,3.1                   ,                      ,3.1                   ,0.031249046325683594 ,                                       ,                                            ,                                      ,                                           ,                                                  ,
33             ,TSP_CITIES_SET_33_N_6.json,CPU                        ,particle_swarm_tsp,                  ,                      ,[]      ,False              ,                       ,                       ,[]         ,            ,PSO_POP_100_ALPHA_0_5_BETA_0_4_NR_ITER_100,"{'suffix': 'PSO_POP_100_ALPHA_0_5_BETA_0_4_NR_ITER_100', 'size_of_population': 100, 'alpha': 0.5, 'beta': 0.4, 'max_iterations': 100}",4.7                                                                                                                                    ,4.7                   ,                      ,4.7                   ,0.04687237739562988  ,                                       ,                                            ,                                      ,                                           ,                                                  ,
34             ,TSP_CITIES_SET_34_N_6.json,CPU                        ,particle_swarm_tsp,                  ,                      ,[]      ,False              ,                       ,                       ,[]         ,            ,PSO_POP_100_ALPHA_0_5_BETA_0_4_NR_ITER_100,"{'suffix': 'PSO_POP_100_ALPHA_0_5_BETA_0_4_NR_ITER_100', 'size_of_population': 100, 'alpha': 0.5, 'beta': 0.4, 'max_iterations': 100}",18.8                                                                                                                                   ,18.8                  ,                      ,18.8                  ,0.046877384185791016 ,                                       ,                                            ,                                      ,                                           ,                                                  ,
35             ,TSP_CITIES_SET_35_N_6.json,CPU                        ,particle_swarm_tsp,                  ,                      ,[]      ,False              ,                       ,                       ,[]         ,            ,PSO_POP_100_ALPHA_0_5_BETA_0_4_NR_ITER_100,"{'suffix': 'PSO_POP_100_ALPHA_0_5_BETA_0_4_NR_ITER_100', 'size_of_population': 100, 'alpha': 0.5, 'beta': 0.4, 'max_iterations': 100}",4.7                                                                                                                                    ,4.7                   ,                      ,4.7                   ,0.03358173370361328  ,                                       ,                                            ,                                      ,                                           ,                                                  ,
36             ,TSP_CITIES_SET_36_N_6.json,CPU                        ,particle_swarm_tsp,                  ,                      ,[]      ,False              ,                       ,                       ,[]         ,            ,PSO_POP_100_ALPHA_0_5_BETA_0_4_NR_ITER_100,"{'suffix': 'PSO_POP_100_ALPHA_0_5_BETA_0_4_NR_ITER_100', 'size_of_population': 100, 'alpha': 0.5, 'beta': 0.4, 'max_iterations': 100}",17.9                                                                                                                                   ,17.9                  ,                      ,17.9                  ,0.04687333106994629  ,                                       ,                                            ,                                      ,                                           ,                                                  ,
37             ,TSP_CITIES_SET_37_N_6.json,CPU                        ,particle_swarm_tsp,                  ,                      ,[]      ,False              ,                       ,                       ,[]         ,            ,PSO_POP_100_ALPHA_0_5_BETA_0_4_NR_ITER_100,"{'suffix': 'PSO_POP_100_ALPHA_0_5_BETA_0_4_NR_ITER_100', 'size_of_population': 100, 'alpha': 0.5, 'beta': 0.4, 'max_iterations': 100}",3.6                                                                                                                                    ,3.6                   ,                      ,3.6                   ,0.031248092651367188 ,                                       ,                                            ,                                      ,                                           ,                                                  ,
38             ,TSP_CITIES_SET_38_N_6.json,CPU                        ,particle_swarm_tsp,                  ,                      ,[]      ,False              ,                       ,                       ,[]         ,            ,PSO_POP_100_ALPHA_0_5_BETA_0_4_NR_ITER_100,"{'suffix': 'PSO_POP_100_ALPHA_0_5_BETA_0_4_NR_ITER_100', 'size_of_population': 100, 'alpha': 0.5, 'beta': 0.4, 'max_iterations': 100}",16.1                                                                                                                                   ,16.1                  ,                      ,16.1                  ,0.031249046325683594 ,                                       ,                                            ,                                      ,                                           ,                                                  ,
39             ,TSP_CITIES_SET_39_N_6.json,CPU                        ,particle_swarm_tsp,                  ,                      ,[]      ,False              ,                       ,                       ,[]         ,            ,PSO_POP_100_ALPHA_0_5_BETA_0_4_NR_ITER_100,"{'suffix': 'PSO_POP_100_ALPHA_0_5_BETA_0_4_NR_ITER_100', 'size_of_population': 100, 'alpha': 0.5, 'beta': 0.4, 'max_iterations': 100}",7.0                                                                                                                                    ,7.0                   ,                      ,7.0                   ,0.031244277954101562 ,                                       ,                                            ,                                      ,                                           ,                                                  ,
40             ,TSP_CITIES_SET_40_N_6.json,CPU                        ,particle_swarm_tsp,                  ,                      ,[]      ,False              ,                       ,                       ,[]         ,            ,PSO_POP_100_ALPHA_0_5_BETA_0_4_NR_ITER_100,"{'suffix': 'PSO_POP_100_ALPHA_0_5_BETA_0_4_NR_ITER_100', 'size_of_population': 100, 'alpha': 0.5, 'beta': 0.4, 'max_iterations': 100}",6.2                                                                                                                                    ,6.2                   ,                      ,6.2                   ,0.04687643051147461  ,                                       ,                                            ,                                      ,                                           ,                                                  ,
41             ,TSP_CITIES_SET_41_N_6.json,CPU                        ,particle_swarm_tsp,                  ,                      ,[]      ,False              ,                       ,                       ,[]         ,            ,PSO_POP_100_ALPHA_0_5_BETA_0_4_NR_ITER_100,"{'suffix': 'PSO_POP_100_ALPHA_0_5_BETA_0_4_NR_ITER_100', 'size_of_population': 100, 'alpha': 0.5, 'beta': 0.4, 'max_iterations': 100}",7.7                                                                                                                                    ,7.7                   ,                      ,7.7                   ,0.046872854232788086 ,                                       ,                                            ,                                      ,                                           ,                                                  ,
42             ,TSP_CITIES_SET_42_N_6.json,CPU                        ,particle_swarm_tsp,                  ,                      ,[]      ,False              ,                       ,                       ,[]         ,            ,PSO_POP_100_ALPHA_0_5_BETA_0_4_NR_ITER_100,"{'suffix': 'PSO_POP_100_ALPHA_0_5_BETA_0_4_NR_ITER_100', 'size_of_population': 100, 'alpha': 0.5, 'beta': 0.4, 'max_iterations': 100}",7.6                                                                                                                                    ,7.6                   ,                      ,7.6                   ,0.04688477516174317  ,                                       ,                                            ,                                      ,                                           ,                                                  ,
43             ,TSP_CITIES_SET_43_N_6.json,CPU                        ,particle_swarm_tsp,                  ,                      ,[]      ,False              ,                       ,                       ,[]         ,            ,PSO_POP_100_ALPHA_0_5_BETA_0_4_NR_ITER_100,"{'suffix': 'PSO_POP_100_ALPHA_0_5_BETA_0_4_NR_ITER_100', 'size_of_population': 100, 'alpha': 0.5, 'beta': 0.4, 'max_iterations': 100}",19.6                                                                                                                                   ,19.6                  ,                      ,19.6                  ,0.06250119209289551  ,                                       ,                                            ,                                      ,                                           ,                                                  ,
44             ,TSP_CITIES_SET_44_N_6.json,CPU                        ,particle_swarm_tsp,                  ,                      ,[]      ,False              ,                       ,                       ,[]         ,            ,PSO_POP_100_ALPHA_0_5_BETA_0_4_NR_ITER_100,"{'suffix': 'PSO_POP_100_ALPHA_0_5_BETA_0_4_NR_ITER_100', 'size_of_population': 100, 'alpha': 0.5, 'beta': 0.4, 'max_iterations': 100}",7.3                                                                                                                                    ,7.3                   ,                      ,7.3                   ,0.031245946884155273 ,                                       ,                                            ,                                      ,                                           ,                                                  ,
45             ,TSP_CITIES_SET_45_N_6.json,CPU                        ,particle_swarm_tsp,                  ,                      ,[]      ,False              ,                       ,                       ,[]         ,            ,PSO_POP_100_ALPHA_0_5_BETA_0_4_NR_ITER_100,"{'suffix': 'PSO_POP_100_ALPHA_0_5_BETA_0_4_NR_ITER_100', 'size_of_population': 100, 'alpha': 0.5, 'beta': 0.4, 'max_iterations': 100}",20.3                                                                                                                                   ,20.3                  ,                      ,20.3                  ,0.03124880790710449  ,                                       ,                                            ,                                      ,                                           ,                                                  ,
46             ,TSP_CITIES_SET_46_N_6.json,CPU                        ,particle_swarm_tsp,                  ,                      ,[]      ,False              ,                       ,                       ,[]         ,            ,PSO_POP_100_ALPHA_0_5_BETA_0_4_NR_ITER_100,"{'suffix': 'PSO_POP_100_ALPHA_0_5_BETA_0_4_NR_ITER_100', 'size_of_population': 100, 'alpha': 0.5, 'beta': 0.4, 'max_iterations': 100}",3.1                                                                                                                                    ,3.1                   ,                      ,3.1                   ,0.03128504753112793  ,                                       ,                                            ,                                      ,                                           ,                                                  ,
47             ,TSP_CITIES_SET_47_N_6.json,CPU                        ,particle_swarm_tsp,                  ,                      ,[]      ,False              ,                       ,                       ,[]         ,            ,PSO_POP_100_ALPHA_0_5_BETA_0_4_NR_ITER_100,"{'suffix': 'PSO_POP_100_ALPHA_0_5_BETA_0_4_NR_ITER_100', 'size_of_population': 100, 'alpha': 0.5, 'beta': 0.4, 'max_iterations': 100}",3.1                                                                                                                                    ,3.1                   ,                      ,3.1                   ,0.031246185302734375 ,                                       ,                                            ,                                      ,                                           ,                                                  ,
48             ,TSP_CITIES_SET_48_N_6.json,CPU                        ,particle_swarm_tsp,                  ,                      ,[]      ,False              ,                       ,                       ,[]         ,            ,PSO_POP_100_ALPHA_0_5_BETA_0_4_NR_ITER_100,"{'suffix': 'PSO_POP_100_ALPHA_0_5_BETA_0_4_NR_ITER_100', 'size_of_population': 100, 'alpha': 0.5, 'beta': 0.4, 'max_iterations': 100}",3.0                                                                                                                                    ,3.0                   ,                      ,3.0                   ,0.031230688095092773 ,                                       ,                                            ,                                      ,                                           ,                                                  ,
49             ,TSP_CITIES_SET_49_N_6.json,CPU                        ,particle_swarm_tsp,                  ,                      ,[]      ,False              ,                       ,                       ,[]         ,            ,PSO_POP_100_ALPHA_0_5_BETA_0_4_NR_ITER_100,"{'suffix': 'PSO_POP_100_ALPHA_0_5_BETA_0_4_NR_ITER_100', 'size_of_population': 100, 'alpha': 0.5, 'beta': 0.4, 'max_iterations': 100}",5.4                                                                                                                                    ,5.4                   ,                      ,5.4                   ,0.03123188018798828  ,                                       ,                                            ,                                      ,                                           ,                                                  ,
50             ,TSP_CITIES_SET_50_N_6.json,CPU                        ,particle_swarm_tsp,                  ,                      ,[]      ,False              ,                       ,                       ,[]         ,            ,PSO_POP_100_ALPHA_0_5_BETA_0_4_NR_ITER_100,"{'suffix': 'PSO_POP_100_ALPHA_0_5_BETA_0_4_NR_ITER_100', 'size_of_population': 100, 'alpha': 0.5, 'beta': 0.4, 'max_iterations': 100}",17.9                                                                                                                                   ,17.9                  ,                      ,17.9                  ,0.046872854232788086 ,                                       ,                                            ,                                      ,                                           ,                                                  ,
51             ,TSP_CITIES_SET_51_N_6.json,CPU                        ,particle_swarm_tsp,                  ,                      ,[]      ,False              ,                       ,                       ,[]         ,            ,PSO_POP_100_ALPHA_0_5_BETA_0_4_NR_ITER_100,"{'suffix': 'PSO_POP_100_ALPHA_0_5_BETA_0_4_NR_ITER_100', 'size_of_population': 100, 'alpha': 0.5, 'beta': 0.4, 'max_iterations': 100}",9.4                                                                                                                                    ,9.4                   ,                      ,9.4                   ,0.04687166213989258  ,                                       ,                                            ,                                      ,                                           ,                                                  ,
52             ,TSP_CITIES_SET_52_N_6.json,CPU                        ,particle_swarm_tsp,                  ,                      ,[]      ,False              ,                       ,                       ,[]         ,            ,PSO_POP_100_ALPHA_0_5_BETA_0_4_NR_ITER_100,"{'suffix': 'PSO_POP_100_ALPHA_0_5_BETA_0_4_NR_ITER_100', 'size_of_population': 100, 'alpha': 0.5, 'beta': 0.4, 'max_iterations': 100}",28.1                                                                                                                                   ,28.1                  ,                      ,28.1                  ,0.046873807907104485 ,                                       ,                                            ,                                      ,                                           ,                                                  ,
53             ,TSP_CITIES_SET_53_N_6.json,CPU                        ,particle_swarm_tsp,                  ,                      ,[]      ,False              ,                       ,                       ,[]         ,            ,PSO_POP_100_ALPHA_0_5_BETA_0_4_NR_ITER_100,"{'suffix': 'PSO_POP_100_ALPHA_0_5_BETA_0_4_NR_ITER_100', 'size_of_population': 100, 'alpha': 0.5, 'beta': 0.4, 'max_iterations': 100}",5.2                                                                                                                                    ,5.2                   ,                      ,5.2                   ,0.03129100799560547  ,                                       ,                                            ,                                      ,                                           ,                                                  ,
54             ,TSP_CITIES_SET_54_N_6.json,CPU                        ,particle_swarm_tsp,                  ,                      ,[]      ,False              ,                       ,                       ,[]         ,            ,PSO_POP_100_ALPHA_0_5_BETA_0_4_NR_ITER_100,"{'suffix': 'PSO_POP_100_ALPHA_0_5_BETA_0_4_NR_ITER_100', 'size_of_population': 100, 'alpha': 0.5, 'beta': 0.4, 'max_iterations': 100}",21.4                                                                                                                                   ,21.4                  ,                      ,21.4                  ,0.046870946884155266 ,                                       ,                                            ,                                      ,                                           ,                                                  ,
55             ,TSP_CITIES_SET_55_N_6.json,CPU                        ,particle_swarm_tsp,                  ,                      ,[]      ,False              ,                       ,                       ,[]         ,            ,PSO_POP_100_ALPHA_0_5_BETA_0_4_NR_ITER_100,"{'suffix': 'PSO_POP_100_ALPHA_0_5_BETA_0_4_NR_ITER_100', 'size_of_population': 100, 'alpha': 0.5, 'beta': 0.4, 'max_iterations': 100}",3.5                                                                                                                                    ,3.5                   ,                      ,3.5                   ,0.031249284744262695 ,                                       ,                                            ,                                      ,                                           ,                                                  ,
56             ,TSP_CITIES_SET_56_N_6.json,CPU                        ,particle_swarm_tsp,                  ,                      ,[]      ,False              ,                       ,                       ,[]         ,            ,PSO_POP_100_ALPHA_0_5_BETA_0_4_NR_ITER_100,"{'suffix': 'PSO_POP_100_ALPHA_0_5_BETA_0_4_NR_ITER_100', 'size_of_population': 100, 'alpha': 0.5, 'beta': 0.4, 'max_iterations': 100}",7.0                                                                                                                                    ,7.0                   ,                      ,7.0                   ,0.04687333106994629  ,                                       ,                                            ,                                      ,                                           ,                                                  ,
57             ,TSP_CITIES_SET_57_N_6.json,CPU                        ,particle_swarm_tsp,                  ,                      ,[]      ,False              ,                       ,                       ,[]         ,            ,PSO_POP_100_ALPHA_0_5_BETA_0_4_NR_ITER_100,"{'suffix': 'PSO_POP_100_ALPHA_0_5_BETA_0_4_NR_ITER_100', 'size_of_population': 100, 'alpha': 0.5, 'beta': 0.4, 'max_iterations': 100}",3.6                                                                                                                                    ,3.6                   ,                      ,3.6                   ,0.03125119209289552  ,                                       ,                                            ,                                      ,                                           ,                                                  ,
58             ,TSP_CITIES_SET_58_N_6.json,CPU                        ,particle_swarm_tsp,                  ,                      ,[]      ,False              ,                       ,                       ,[]         ,            ,PSO_POP_100_ALPHA_0_5_BETA_0_4_NR_ITER_100,"{'suffix': 'PSO_POP_100_ALPHA_0_5_BETA_0_4_NR_ITER_100', 'size_of_population': 100, 'alpha': 0.5, 'beta': 0.4, 'max_iterations': 100}",3.2                                                                                                                                    ,3.2                   ,                      ,3.2                   ,0.03125476837158203  ,                                       ,                                            ,                                      ,                                           ,                                                  ,
59             ,TSP_CITIES_SET_59_N_6.json,CPU                        ,particle_swarm_tsp,                  ,                      ,[]      ,False              ,                       ,                       ,[]         ,            ,PSO_POP_100_ALPHA_0_5_BETA_0_4_NR_ITER_100,"{'suffix': 'PSO_POP_100_ALPHA_0_5_BETA_0_4_NR_ITER_100', 'size_of_population': 100, 'alpha': 0.5, 'beta': 0.4, 'max_iterations': 100}",17.9                                                                                                                                   ,17.9                  ,                      ,17.9                  ,0.031236648559570312 ,                                       ,                                            ,                                      ,                                           ,                                                  ,
60             ,TSP_CITIES_SET_60_N_6.json,CPU                        ,particle_swarm_tsp,                  ,                      ,[]      ,False              ,                       ,                       ,[]         ,            ,PSO_POP_100_ALPHA_0_5_BETA_0_4_NR_ITER_100,"{'suffix': 'PSO_POP_100_ALPHA_0_5_BETA_0_4_NR_ITER_100', 'size_of_population': 100, 'alpha': 0.5, 'beta': 0.4, 'max_iterations': 100}",3.1                                                                                                                                    ,3.1                   ,                      ,3.1                   ,0.031233787536621094 ,                                       ,                                            ,                                      ,                                           ,                                                  ,
61             ,TSP_CITIES_SET_61_N_6.json,CPU                        ,particle_swarm_tsp,                  ,                      ,[]      ,False              ,                       ,                       ,[]         ,            ,PSO_POP_100_ALPHA_0_5_BETA_0_4_NR_ITER_100,"{'suffix': 'PSO_POP_100_ALPHA_0_5_BETA_0_4_NR_ITER_100', 'size_of_population': 100, 'alpha': 0.5, 'beta': 0.4, 'max_iterations': 100}",17.2                                                                                                                                   ,17.2                  ,                      ,17.2                  ,0.046873807907104485 ,                                       ,                                            ,                                      ,                                           ,                                                  ,
62             ,TSP_CITIES_SET_62_N_6.json,CPU                        ,particle_swarm_tsp,                  ,                      ,[]      ,False              ,                       ,                       ,[]         ,            ,PSO_POP_100_ALPHA_0_5_BETA_0_4_NR_ITER_100,"{'suffix': 'PSO_POP_100_ALPHA_0_5_BETA_0_4_NR_ITER_100', 'size_of_population': 100, 'alpha': 0.5, 'beta': 0.4, 'max_iterations': 100}",3.6                                                                                                                                    ,3.6                   ,                      ,3.6                   ,0.03124761581420898  ,                                       ,                                            ,                                      ,                                           ,                                                  ,
63             ,TSP_CITIES_SET_63_N_6.json,CPU                        ,particle_swarm_tsp,                  ,                      ,[]      ,False              ,                       ,                       ,[]         ,            ,PSO_POP_100_ALPHA_0_5_BETA_0_4_NR_ITER_100,"{'suffix': 'PSO_POP_100_ALPHA_0_5_BETA_0_4_NR_ITER_100', 'size_of_population': 100, 'alpha': 0.5, 'beta': 0.4, 'max_iterations': 100}",19.6                                                                                                                                   ,19.6                  ,                      ,19.6                  ,0.03124761581420898  ,                                       ,                                            ,                                      ,                                           ,                                                  ,
64             ,TSP_CITIES_SET_64_N_6.json,CPU                        ,particle_swarm_tsp,                  ,                      ,[]      ,False              ,                       ,                       ,[]         ,            ,PSO_POP_100_ALPHA_0_5_BETA_0_4_NR_ITER_100,"{'suffix': 'PSO_POP_100_ALPHA_0_5_BETA_0_4_NR_ITER_100', 'size_of_population': 100, 'alpha': 0.5, 'beta': 0.4, 'max_iterations': 100}",5.7                                                                                                                                    ,5.7                   ,                      ,5.7                   ,0.03124642372131348  ,                                       ,                                            ,                                      ,                                           ,                                                  ,
65             ,TSP_CITIES_SET_65_N_6.json,CPU                        ,particle_swarm_tsp,                  ,                      ,[]      ,False              ,                       ,                       ,[]         ,            ,PSO_POP_100_ALPHA_0_5_BETA_0_4_NR_ITER_100,"{'suffix': 'PSO_POP_100_ALPHA_0_5_BETA_0_4_NR_ITER_100', 'size_of_population': 100, 'alpha': 0.5, 'beta': 0.4, 'max_iterations': 100}",17.2                                                                                                                                   ,17.2                  ,                      ,17.2                  ,0.04687190055847168  ,                                       ,                                            ,                                      ,                                           ,                                                  ,
66             ,TSP_CITIES_SET_66_N_6.json,CPU                        ,particle_swarm_tsp,                  ,                      ,[]      ,False              ,                       ,                       ,[]         ,            ,PSO_POP_100_ALPHA_0_5_BETA_0_4_NR_ITER_100,"{'suffix': 'PSO_POP_100_ALPHA_0_5_BETA_0_4_NR_ITER_100', 'size_of_population': 100, 'alpha': 0.5, 'beta': 0.4, 'max_iterations': 100}",5.4                                                                                                                                    ,5.4                   ,                      ,5.4                   ,0.031247854232788086 ,                                       ,                                            ,                                      ,                                           ,                                                  ,
67             ,TSP_CITIES_SET_67_N_6.json,CPU                        ,particle_swarm_tsp,                  ,                      ,[]      ,False              ,                       ,                       ,[]         ,            ,PSO_POP_100_ALPHA_0_5_BETA_0_4_NR_ITER_100,"{'suffix': 'PSO_POP_100_ALPHA_0_5_BETA_0_4_NR_ITER_100', 'size_of_population': 100, 'alpha': 0.5, 'beta': 0.4, 'max_iterations': 100}",5.3                                                                                                                                    ,5.3                   ,                      ,5.3                   ,0.031248092651367188 ,                                       ,                                            ,                                      ,                                           ,                                                  ,
68             ,TSP_CITIES_SET_68_N_6.json,CPU                        ,particle_swarm_tsp,                  ,                      ,[]      ,False              ,                       ,                       ,[]         ,            ,PSO_POP_100_ALPHA_0_5_BETA_0_4_NR_ITER_100,"{'suffix': 'PSO_POP_100_ALPHA_0_5_BETA_0_4_NR_ITER_100', 'size_of_population': 100, 'alpha': 0.5, 'beta': 0.4, 'max_iterations': 100}",4.8                                                                                                                                    ,4.8                   ,                      ,4.8                   ,0.046873807907104485 ,                                       ,                                            ,                                      ,                                           ,                                                  ,
69             ,TSP_CITIES_SET_69_N_6.json,CPU                        ,particle_swarm_tsp,                  ,                      ,[]      ,False              ,                       ,                       ,[]         ,            ,PSO_POP_100_ALPHA_0_5_BETA_0_4_NR_ITER_100,"{'suffix': 'PSO_POP_100_ALPHA_0_5_BETA_0_4_NR_ITER_100', 'size_of_population': 100, 'alpha': 0.5, 'beta': 0.4, 'max_iterations': 100}",6.2                                                                                                                                    ,6.2                   ,                      ,6.2                   ,0.04804730415344238  ,                                       ,                                            ,                                      ,                                           ,                                                  ,
70             ,TSP_CITIES_SET_70_N_6.json,CPU                        ,particle_swarm_tsp,                  ,                      ,[]      ,False              ,                       ,                       ,[]         ,            ,PSO_POP_100_ALPHA_0_5_BETA_0_4_NR_ITER_100,"{'suffix': 'PSO_POP_100_ALPHA_0_5_BETA_0_4_NR_ITER_100', 'size_of_population': 100, 'alpha': 0.5, 'beta': 0.4, 'max_iterations': 100}",3.6                                                                                                                                    ,3.6                   ,                      ,3.6                   ,0.031244516372680664 ,                                       ,                                            ,                                      ,                                           ,                                                  ,
71             ,TSP_CITIES_SET_71_N_6.json,CPU                        ,particle_swarm_tsp,                  ,                      ,[]      ,False              ,                       ,                       ,[]         ,            ,PSO_POP_100_ALPHA_0_5_BETA_0_4_NR_ITER_100,"{'suffix': 'PSO_POP_100_ALPHA_0_5_BETA_0_4_NR_ITER_100', 'size_of_population': 100, 'alpha': 0.5, 'beta': 0.4, 'max_iterations': 100}",5.4                                                                                                                                    ,5.4                   ,                      ,5.4                   ,0.031234264373779293 ,                                       ,                                            ,                                      ,                                           ,                                                  ,
72             ,TSP_CITIES_SET_72_N_6.json,CPU                        ,particle_swarm_tsp,                  ,                      ,[]      ,False              ,                       ,                       ,[]         ,            ,PSO_POP_100_ALPHA_0_5_BETA_0_4_NR_ITER_100,"{'suffix': 'PSO_POP_100_ALPHA_0_5_BETA_0_4_NR_ITER_100', 'size_of_population': 100, 'alpha': 0.5, 'beta': 0.4, 'max_iterations': 100}",3.6                                                                                                                                    ,3.6                   ,                      ,3.6                   ,0.0312497615814209   ,                                       ,                                            ,                                      ,                                           ,                                                  ,
73             ,TSP_CITIES_SET_73_N_6.json,CPU                        ,particle_swarm_tsp,                  ,                      ,[]      ,False              ,                       ,                       ,[]         ,            ,PSO_POP_100_ALPHA_0_5_BETA_0_4_NR_ITER_100,"{'suffix': 'PSO_POP_100_ALPHA_0_5_BETA_0_4_NR_ITER_100', 'size_of_population': 100, 'alpha': 0.5, 'beta': 0.4, 'max_iterations': 100}",5.4                                                                                                                                    ,5.4                   ,                      ,5.4                   ,0.03124833106994629  ,                                       ,                                            ,                                      ,                                           ,                                                  ,
74             ,TSP_CITIES_SET_74_N_6.json,CPU                        ,particle_swarm_tsp,                  ,                      ,[]      ,False              ,                       ,                       ,[]         ,            ,PSO_POP_100_ALPHA_0_5_BETA_0_4_NR_ITER_100,"{'suffix': 'PSO_POP_100_ALPHA_0_5_BETA_0_4_NR_ITER_100', 'size_of_population': 100, 'alpha': 0.5, 'beta': 0.4, 'max_iterations': 100}",7.1                                                                                                                                    ,7.1                   ,                      ,7.1                   ,0.032620906829833984 ,                                       ,                                            ,                                      ,                                           ,                                                  ,
75             ,TSP_CITIES_SET_75_N_6.json,CPU                        ,particle_swarm_tsp,                  ,                      ,[]      ,False              ,                       ,                       ,[]         ,            ,PSO_POP_100_ALPHA_0_5_BETA_0_4_NR_ITER_100,"{'suffix': 'PSO_POP_100_ALPHA_0_5_BETA_0_4_NR_ITER_100', 'size_of_population': 100, 'alpha': 0.5, 'beta': 0.4, 'max_iterations': 100}",4.7                                                                                                                                    ,4.7                   ,                      ,4.7                   ,0.04687190055847168  ,                                       ,                                            ,                                      ,                                           ,                                                  ,
76             ,TSP_CITIES_SET_76_N_6.json,CPU                        ,particle_swarm_tsp,                  ,                      ,[]      ,False              ,                       ,                       ,[]         ,            ,PSO_POP_100_ALPHA_0_5_BETA_0_4_NR_ITER_100,"{'suffix': 'PSO_POP_100_ALPHA_0_5_BETA_0_4_NR_ITER_100', 'size_of_population': 100, 'alpha': 0.5, 'beta': 0.4, 'max_iterations': 100}",16.1                                                                                                                                   ,16.1                  ,                      ,16.1                  ,0.03121185302734375  ,                                       ,                                            ,                                      ,                                           ,                                                  ,
77             ,TSP_CITIES_SET_77_N_6.json,CPU                        ,particle_swarm_tsp,                  ,                      ,[]      ,False              ,                       ,                       ,[]         ,            ,PSO_POP_100_ALPHA_0_5_BETA_0_4_NR_ITER_100,"{'suffix': 'PSO_POP_100_ALPHA_0_5_BETA_0_4_NR_ITER_100', 'size_of_population': 100, 'alpha': 0.5, 'beta': 0.4, 'max_iterations': 100}",3.6                                                                                                                                    ,3.6                   ,                      ,3.6                   ,0.03125214576721192  ,                                       ,                                            ,                                      ,                                           ,                                                  ,
78             ,TSP_CITIES_SET_78_N_6.json,CPU                        ,particle_swarm_tsp,                  ,                      ,[]      ,False              ,                       ,                       ,[]         ,            ,PSO_POP_100_ALPHA_0_5_BETA_0_4_NR_ITER_100,"{'suffix': 'PSO_POP_100_ALPHA_0_5_BETA_0_4_NR_ITER_100', 'size_of_population': 100, 'alpha': 0.5, 'beta': 0.4, 'max_iterations': 100}",5.4                                                                                                                                    ,5.4                   ,                      ,5.4                   ,0.03249335289001465  ,                                       ,                                            ,                                      ,                                           ,                                                  ,
79             ,TSP_CITIES_SET_79_N_6.json,CPU                        ,particle_swarm_tsp,                  ,                      ,[]      ,False              ,                       ,                       ,[]         ,            ,PSO_POP_100_ALPHA_0_5_BETA_0_4_NR_ITER_100,"{'suffix': 'PSO_POP_100_ALPHA_0_5_BETA_0_4_NR_ITER_100', 'size_of_population': 100, 'alpha': 0.5, 'beta': 0.4, 'max_iterations': 100}",1.9                                                                                                                                    ,1.9                   ,                      ,1.9                   ,0.016862154006958008 ,                                       ,                                            ,                                      ,                                           ,                                                  ,
80             ,TSP_CITIES_SET_80_N_6.json,CPU                        ,particle_swarm_tsp,                  ,                      ,[]      ,False              ,                       ,                       ,[]         ,            ,PSO_POP_100_ALPHA_0_5_BETA_0_4_NR_ITER_100,"{'suffix': 'PSO_POP_100_ALPHA_0_5_BETA_0_4_NR_ITER_100', 'size_of_population': 100, 'alpha': 0.5, 'beta': 0.4, 'max_iterations': 100}",17.9                                                                                                                                   ,17.9                  ,                      ,17.9                  ,0.03127717971801758  ,                                       ,                                            ,                                      ,                                           ,                                                  ,
81             ,TSP_CITIES_SET_81_N_6.json,CPU                        ,particle_swarm_tsp,                  ,                      ,[]      ,False              ,                       ,                       ,[]         ,            ,PSO_POP_100_ALPHA_0_5_BETA_0_4_NR_ITER_100,"{'suffix': 'PSO_POP_100_ALPHA_0_5_BETA_0_4_NR_ITER_100', 'size_of_population': 100, 'alpha': 0.5, 'beta': 0.4, 'max_iterations': 100}",18.8                                                                                                                                   ,18.8                  ,                      ,18.8                  ,0.06199908256530761  ,                                       ,                                            ,                                      ,                                           ,                                                  ,
82             ,TSP_CITIES_SET_82_N_6.json,CPU                        ,particle_swarm_tsp,                  ,                      ,[]      ,False              ,                       ,                       ,[]         ,            ,PSO_POP_100_ALPHA_0_5_BETA_0_4_NR_ITER_100,"{'suffix': 'PSO_POP_100_ALPHA_0_5_BETA_0_4_NR_ITER_100', 'size_of_population': 100, 'alpha': 0.5, 'beta': 0.4, 'max_iterations': 100}",19.6                                                                                                                                   ,19.6                  ,                      ,19.6                  ,0.0624697208404541   ,                                       ,                                            ,                                      ,                                           ,                                                  ,
83             ,TSP_CITIES_SET_83_N_6.json,CPU                        ,particle_swarm_tsp,                  ,                      ,[]      ,False              ,                       ,                       ,[]         ,            ,PSO_POP_100_ALPHA_0_5_BETA_0_4_NR_ITER_100,"{'suffix': 'PSO_POP_100_ALPHA_0_5_BETA_0_4_NR_ITER_100', 'size_of_population': 100, 'alpha': 0.5, 'beta': 0.4, 'max_iterations': 100}",3.6                                                                                                                                    ,3.6                   ,                      ,3.6                   ,0.0312955379486084   ,                                       ,                                            ,                                      ,                                           ,                                                  ,
84             ,TSP_CITIES_SET_84_N_6.json,CPU                        ,particle_swarm_tsp,                  ,                      ,[]      ,False              ,                       ,                       ,[]         ,            ,PSO_POP_100_ALPHA_0_5_BETA_0_4_NR_ITER_100,"{'suffix': 'PSO_POP_100_ALPHA_0_5_BETA_0_4_NR_ITER_100', 'size_of_population': 100, 'alpha': 0.5, 'beta': 0.4, 'max_iterations': 100}",3.1                                                                                                                                    ,3.1                   ,                      ,3.1                   ,0.0312504768371582   ,                                       ,                                            ,                                      ,                                           ,                                                  ,
85             ,TSP_CITIES_SET_85_N_6.json,CPU                        ,particle_swarm_tsp,                  ,                      ,[]      ,False              ,                       ,                       ,[]         ,            ,PSO_POP_100_ALPHA_0_5_BETA_0_4_NR_ITER_100,"{'suffix': 'PSO_POP_100_ALPHA_0_5_BETA_0_4_NR_ITER_100', 'size_of_population': 100, 'alpha': 0.5, 'beta': 0.4, 'max_iterations': 100}",3.1                                                                                                                                    ,3.1                   ,                      ,3.1                   ,0.03124880790710449  ,                                       ,                                            ,                                      ,                                           ,                                                  ,
86             ,TSP_CITIES_SET_86_N_6.json,CPU                        ,particle_swarm_tsp,                  ,                      ,[]      ,False              ,                       ,                       ,[]         ,            ,PSO_POP_100_ALPHA_0_5_BETA_0_4_NR_ITER_100,"{'suffix': 'PSO_POP_100_ALPHA_0_5_BETA_0_4_NR_ITER_100', 'size_of_population': 100, 'alpha': 0.5, 'beta': 0.4, 'max_iterations': 100}",4.8                                                                                                                                    ,4.8                   ,                      ,4.8                   ,0.0468745231628418   ,                                       ,                                            ,                                      ,                                           ,                                                  ,
87             ,TSP_CITIES_SET_87_N_6.json,CPU                        ,particle_swarm_tsp,                  ,                      ,[]      ,False              ,                       ,                       ,[]         ,            ,PSO_POP_100_ALPHA_0_5_BETA_0_4_NR_ITER_100,"{'suffix': 'PSO_POP_100_ALPHA_0_5_BETA_0_4_NR_ITER_100', 'size_of_population': 100, 'alpha': 0.5, 'beta': 0.4, 'max_iterations': 100}",14.1                                                                                                                                   ,14.1                  ,                      ,14.1                  ,0.04807448387145996  ,                                       ,                                            ,                                      ,                                           ,                                                  ,
88             ,TSP_CITIES_SET_88_N_6.json,CPU                        ,particle_swarm_tsp,                  ,                      ,[]      ,False              ,                       ,                       ,[]         ,            ,PSO_POP_100_ALPHA_0_5_BETA_0_4_NR_ITER_100,"{'suffix': 'PSO_POP_100_ALPHA_0_5_BETA_0_4_NR_ITER_100', 'size_of_population': 100, 'alpha': 0.5, 'beta': 0.4, 'max_iterations': 100}",4.7                                                                                                                                    ,4.7                   ,                      ,4.7                   ,0.04687237739562988  ,                                       ,                                            ,                                      ,                                           ,                                                  ,
89             ,TSP_CITIES_SET_89_N_6.json,CPU                        ,particle_swarm_tsp,                  ,                      ,[]      ,False              ,                       ,                       ,[]         ,            ,PSO_POP_100_ALPHA_0_5_BETA_0_4_NR_ITER_100,"{'suffix': 'PSO_POP_100_ALPHA_0_5_BETA_0_4_NR_ITER_100', 'size_of_population': 100, 'alpha': 0.5, 'beta': 0.4, 'max_iterations': 100}",3.5                                                                                                                                    ,3.5                   ,                      ,3.5                   ,0.031232595443725582 ,                                       ,                                            ,                                      ,                                           ,                                                  ,
90             ,TSP_CITIES_SET_90_N_6.json,CPU                        ,particle_swarm_tsp,                  ,                      ,[]      ,False              ,                       ,                       ,[]         ,            ,PSO_POP_100_ALPHA_0_5_BETA_0_4_NR_ITER_100,"{'suffix': 'PSO_POP_100_ALPHA_0_5_BETA_0_4_NR_ITER_100', 'size_of_population': 100, 'alpha': 0.5, 'beta': 0.4, 'max_iterations': 100}",3.6                                                                                                                                    ,3.6                   ,                      ,3.6                   ,0.031248092651367188 ,                                       ,                                            ,                                      ,                                           ,                                                  ,
91             ,TSP_CITIES_SET_91_N_6.json,CPU                        ,particle_swarm_tsp,                  ,                      ,[]      ,False              ,                       ,                       ,[]         ,            ,PSO_POP_100_ALPHA_0_5_BETA_0_4_NR_ITER_100,"{'suffix': 'PSO_POP_100_ALPHA_0_5_BETA_0_4_NR_ITER_100', 'size_of_population': 100, 'alpha': 0.5, 'beta': 0.4, 'max_iterations': 100}",7.1                                                                                                                                    ,7.1                   ,                      ,7.1                   ,0.031248092651367188 ,                                       ,                                            ,                                      ,                                           ,                                                  ,
92             ,TSP_CITIES_SET_92_N_6.json,CPU                        ,particle_swarm_tsp,                  ,                      ,[]      ,False              ,                       ,                       ,[]         ,            ,PSO_POP_100_ALPHA_0_5_BETA_0_4_NR_ITER_100,"{'suffix': 'PSO_POP_100_ALPHA_0_5_BETA_0_4_NR_ITER_100', 'size_of_population': 100, 'alpha': 0.5, 'beta': 0.4, 'max_iterations': 100}",12.5                                                                                                                                   ,12.5                  ,                      ,12.5                  ,0.09374833106994628  ,                                       ,                                            ,                                      ,                                           ,                                                  ,
93             ,TSP_CITIES_SET_93_N_6.json,CPU                        ,particle_swarm_tsp,                  ,                      ,[]      ,False              ,                       ,                       ,[]         ,            ,PSO_POP_100_ALPHA_0_5_BETA_0_4_NR_ITER_100,"{'suffix': 'PSO_POP_100_ALPHA_0_5_BETA_0_4_NR_ITER_100', 'size_of_population': 100, 'alpha': 0.5, 'beta': 0.4, 'max_iterations': 100}",7.7                                                                                                                                    ,7.7                   ,                      ,7.7                   ,0.04683780670166016  ,                                       ,                                            ,                                      ,                                           ,                                                  ,
94             ,TSP_CITIES_SET_94_N_6.json,CPU                        ,particle_swarm_tsp,                  ,                      ,[]      ,False              ,                       ,                       ,[]         ,            ,PSO_POP_100_ALPHA_0_5_BETA_0_4_NR_ITER_100,"{'suffix': 'PSO_POP_100_ALPHA_0_5_BETA_0_4_NR_ITER_100', 'size_of_population': 100, 'alpha': 0.5, 'beta': 0.4, 'max_iterations': 100}",3.1                                                                                                                                    ,3.1                   ,                      ,3.1                   ,0.03125262260437012  ,                                       ,                                            ,                                      ,                                           ,                                                  ,
95             ,TSP_CITIES_SET_95_N_6.json,CPU                        ,particle_swarm_tsp,                  ,                      ,[]      ,False              ,                       ,                       ,[]         ,            ,PSO_POP_100_ALPHA_0_5_BETA_0_4_NR_ITER_100,"{'suffix': 'PSO_POP_100_ALPHA_0_5_BETA_0_4_NR_ITER_100', 'size_of_population': 100, 'alpha': 0.5, 'beta': 0.4, 'max_iterations': 100}",8.6                                                                                                                                    ,8.6                   ,                      ,8.6                   ,0.031225919723510742 ,                                       ,                                            ,                                      ,                                           ,                                                  ,
96             ,TSP_CITIES_SET_96_N_6.json,CPU                        ,particle_swarm_tsp,                  ,                      ,[]      ,False              ,                       ,                       ,[]         ,            ,PSO_POP_100_ALPHA_0_5_BETA_0_4_NR_ITER_100,"{'suffix': 'PSO_POP_100_ALPHA_0_5_BETA_0_4_NR_ITER_100', 'size_of_population': 100, 'alpha': 0.5, 'beta': 0.4, 'max_iterations': 100}",17.2                                                                                                                                   ,17.2                  ,                      ,17.2                  ,0.04687309265136719  ,                                       ,                                            ,                                      ,                                           ,                                                  ,
97             ,TSP_CITIES_SET_97_N_6.json,CPU                        ,particle_swarm_tsp,                  ,                      ,[]      ,False              ,                       ,                       ,[]         ,            ,PSO_POP_100_ALPHA_0_5_BETA_0_4_NR_ITER_100,"{'suffix': 'PSO_POP_100_ALPHA_0_5_BETA_0_4_NR_ITER_100', 'size_of_population': 100, 'alpha': 0.5, 'beta': 0.4, 'max_iterations': 100}",10.9                                                                                                                                   ,10.9                  ,                      ,10.9                  ,0.04691576957702637  ,                                       ,                                            ,                                      ,                                           ,                                                  ,
98             ,TSP_CITIES_SET_98_N_6.json,CPU                        ,particle_swarm_tsp,                  ,                      ,[]      ,False              ,                       ,                       ,[]         ,            ,PSO_POP_100_ALPHA_0_5_BETA_0_4_NR_ITER_100,"{'suffix': 'PSO_POP_100_ALPHA_0_5_BETA_0_4_NR_ITER_100', 'size_of_population': 100, 'alpha': 0.5, 'beta': 0.4, 'max_iterations': 100}",29.7                                                                                                                                   ,29.7                  ,                      ,29.7                  ,0.046875715255737305 ,                                       ,                                            ,                                      ,                                           ,                                                  ,
99             ,TSP_CITIES_SET_99_N_6.json,CPU                        ,particle_swarm_tsp,                  ,                      ,[]      ,False              ,                       ,                       ,[]         ,            ,PSO_POP_100_ALPHA_0_5_BETA_0_4_NR_ITER_100,"{'suffix': 'PSO_POP_100_ALPHA_0_5_BETA_0_4_NR_ITER_100', 'size_of_population': 100, 'alpha': 0.5, 'beta': 0.4, 'max_iterations': 100}",3.4                                                                                                                                    ,3.4                   ,                      ,3.4                   ,0.0312495231628418   ,                                       ,                                            ,                                      ,                                           ,                                                  ,
0              ,TSP_CITIES_SET_0_N_7.json ,CPU                        ,particle_swarm_tsp,                  ,                      ,[]      ,False              ,                       ,                       ,[]         ,            ,PSO_POP_100_ALPHA_0_5_BETA_0_4_NR_ITER_100,"{'suffix': 'PSO_POP_100_ALPHA_0_5_BETA_0_4_NR_ITER_100', 'size_of_population': 100, 'alpha': 0.5, 'beta': 0.4, 'max_iterations': 100}",24.1                                                                                                                                   ,24.1                  ,                      ,24.1                  ,0.062459468841552734 ,                                       ,                                            ,                                      ,                                           ,                                                  ,
1              ,TSP_CITIES_SET_1_N_7.json ,CPU                        ,particle_swarm_tsp,                  ,                      ,[]      ,False              ,                       ,                       ,[]         ,            ,PSO_POP_100_ALPHA_0_5_BETA_0_4_NR_ITER_100,"{'suffix': 'PSO_POP_100_ALPHA_0_5_BETA_0_4_NR_ITER_100', 'size_of_population': 100, 'alpha': 0.5, 'beta': 0.4, 'max_iterations': 100}",5.3                                                                                                                                    ,5.3                   ,                      ,5.3                   ,0.04692816734313965  ,                                       ,                                            ,                                      ,                                           ,                                                  ,
2              ,TSP_CITIES_SET_2_N_7.json ,CPU                        ,particle_swarm_tsp,                  ,                      ,[]      ,False              ,                       ,                       ,[]         ,            ,PSO_POP_100_ALPHA_0_5_BETA_0_4_NR_ITER_100,"{'suffix': 'PSO_POP_100_ALPHA_0_5_BETA_0_4_NR_ITER_100', 'size_of_population': 100, 'alpha': 0.5, 'beta': 0.4, 'max_iterations': 100}",7.1                                                                                                                                    ,7.1                   ,                      ,7.1                   ,0.06378674507141112  ,                                       ,                                            ,                                      ,                                           ,                                                  ,
3              ,TSP_CITIES_SET_3_N_7.json ,CPU                        ,particle_swarm_tsp,                  ,                      ,[]      ,False              ,                       ,                       ,[]         ,            ,PSO_POP_100_ALPHA_0_5_BETA_0_4_NR_ITER_100,"{'suffix': 'PSO_POP_100_ALPHA_0_5_BETA_0_4_NR_ITER_100', 'size_of_population': 100, 'alpha': 0.5, 'beta': 0.4, 'max_iterations': 100}",5.5                                                                                                                                    ,5.5                   ,                      ,5.5                   ,0.04692673683166504  ,                                       ,                                            ,                                      ,                                           ,                                                  ,
4              ,TSP_CITIES_SET_4_N_7.json ,CPU                        ,particle_swarm_tsp,                  ,                      ,[]      ,False              ,                       ,                       ,[]         ,            ,PSO_POP_100_ALPHA_0_5_BETA_0_4_NR_ITER_100,"{'suffix': 'PSO_POP_100_ALPHA_0_5_BETA_0_4_NR_ITER_100', 'size_of_population': 100, 'alpha': 0.5, 'beta': 0.4, 'max_iterations': 100}",5.5                                                                                                                                    ,5.5                   ,                      ,5.5                   ,0.04687261581420898  ,                                       ,                                            ,                                      ,                                           ,                                                  ,
5              ,TSP_CITIES_SET_5_N_7.json ,CPU                        ,particle_swarm_tsp,                  ,                      ,[]      ,False              ,                       ,                       ,[]         ,            ,PSO_POP_100_ALPHA_0_5_BETA_0_4_NR_ITER_100,"{'suffix': 'PSO_POP_100_ALPHA_0_5_BETA_0_4_NR_ITER_100', 'size_of_population': 100, 'alpha': 0.5, 'beta': 0.4, 'max_iterations': 100}",7.3                                                                                                                                    ,7.3                   ,                      ,7.3                   ,0.06250405311584473  ,                                       ,                                            ,                                      ,                                           ,                                                  ,
6              ,TSP_CITIES_SET_6_N_7.json ,CPU                        ,particle_swarm_tsp,                  ,                      ,[]      ,False              ,                       ,                       ,[]         ,            ,PSO_POP_100_ALPHA_0_5_BETA_0_4_NR_ITER_100,"{'suffix': 'PSO_POP_100_ALPHA_0_5_BETA_0_4_NR_ITER_100', 'size_of_population': 100, 'alpha': 0.5, 'beta': 0.4, 'max_iterations': 100}",6.1                                                                                                                                    ,6.1                   ,                      ,6.1                   ,0.07158470153808594  ,                                       ,                                            ,                                      ,                                           ,                                                  ,
7              ,TSP_CITIES_SET_7_N_7.json ,CPU                        ,particle_swarm_tsp,                  ,                      ,[]      ,False              ,                       ,                       ,[]         ,            ,PSO_POP_100_ALPHA_0_5_BETA_0_4_NR_ITER_100,"{'suffix': 'PSO_POP_100_ALPHA_0_5_BETA_0_4_NR_ITER_100', 'size_of_population': 100, 'alpha': 0.5, 'beta': 0.4, 'max_iterations': 100}",9.4                                                                                                                                    ,9.4                   ,                      ,9.4                   ,0.06248331069946289  ,                                       ,                                            ,                                      ,                                           ,                                                  ,
8              ,TSP_CITIES_SET_8_N_7.json ,CPU                        ,particle_swarm_tsp,                  ,                      ,[]      ,False              ,                       ,                       ,[]         ,            ,PSO_POP_100_ALPHA_0_5_BETA_0_4_NR_ITER_100,"{'suffix': 'PSO_POP_100_ALPHA_0_5_BETA_0_4_NR_ITER_100', 'size_of_population': 100, 'alpha': 0.5, 'beta': 0.4, 'max_iterations': 100}",28.6                                                                                                                                   ,28.6                  ,                      ,28.6                  ,0.0625               ,                                       ,                                            ,                                      ,                                           ,                                                  ,
9              ,TSP_CITIES_SET_9_N_7.json ,CPU                        ,particle_swarm_tsp,                  ,                      ,[]      ,False              ,                       ,                       ,[]         ,            ,PSO_POP_100_ALPHA_0_5_BETA_0_4_NR_ITER_100,"{'suffix': 'PSO_POP_100_ALPHA_0_5_BETA_0_4_NR_ITER_100', 'size_of_population': 100, 'alpha': 0.5, 'beta': 0.4, 'max_iterations': 100}",27.1                                                                                                                                   ,27.1                  ,                      ,27.1                  ,0.06303882598876953  ,                                       ,                                            ,                                      ,                                           ,                                                  ,
10             ,TSP_CITIES_SET_10_N_7.json,CPU                        ,particle_swarm_tsp,                  ,                      ,[]      ,False              ,                       ,                       ,[]         ,            ,PSO_POP_100_ALPHA_0_5_BETA_0_4_NR_ITER_100,"{'suffix': 'PSO_POP_100_ALPHA_0_5_BETA_0_4_NR_ITER_100', 'size_of_population': 100, 'alpha': 0.5, 'beta': 0.4, 'max_iterations': 100}",4.7                                                                                                                                    ,4.7                   ,                      ,4.7                   ,0.04691267013549805  ,                                       ,                                            ,                                      ,                                           ,                                                  ,
11             ,TSP_CITIES_SET_11_N_7.json,CPU                        ,particle_swarm_tsp,                  ,                      ,[]      ,False              ,                       ,                       ,[]         ,            ,PSO_POP_100_ALPHA_0_5_BETA_0_4_NR_ITER_100,"{'suffix': 'PSO_POP_100_ALPHA_0_5_BETA_0_4_NR_ITER_100', 'size_of_population': 100, 'alpha': 0.5, 'beta': 0.4, 'max_iterations': 100}",14.1                                                                                                                                   ,14.1                  ,                      ,14.1                  ,0.06853914260864258  ,                                       ,                                            ,                                      ,                                           ,                                                  ,
12             ,TSP_CITIES_SET_12_N_7.json,CPU                        ,particle_swarm_tsp,                  ,                      ,[]      ,False              ,                       ,                       ,[]         ,            ,PSO_POP_100_ALPHA_0_5_BETA_0_4_NR_ITER_100,"{'suffix': 'PSO_POP_100_ALPHA_0_5_BETA_0_4_NR_ITER_100', 'size_of_population': 100, 'alpha': 0.5, 'beta': 0.4, 'max_iterations': 100}",9.1                                                                                                                                    ,9.1                   ,                      ,9.1                   ,0.04687619209289552  ,                                       ,                                            ,                                      ,                                           ,                                                  ,
13             ,TSP_CITIES_SET_13_N_7.json,CPU                        ,particle_swarm_tsp,                  ,                      ,[]      ,False              ,                       ,                       ,[]         ,            ,PSO_POP_100_ALPHA_0_5_BETA_0_4_NR_ITER_100,"{'suffix': 'PSO_POP_100_ALPHA_0_5_BETA_0_4_NR_ITER_100', 'size_of_population': 100, 'alpha': 0.5, 'beta': 0.4, 'max_iterations': 100}",7.1                                                                                                                                    ,7.1                   ,                      ,7.1                   ,0.0625143051147461   ,                                       ,                                            ,                                      ,                                           ,                                                  ,
14             ,TSP_CITIES_SET_14_N_7.json,CPU                        ,particle_swarm_tsp,                  ,                      ,[]      ,False              ,                       ,                       ,[]         ,            ,PSO_POP_100_ALPHA_0_5_BETA_0_4_NR_ITER_100,"{'suffix': 'PSO_POP_100_ALPHA_0_5_BETA_0_4_NR_ITER_100', 'size_of_population': 100, 'alpha': 0.5, 'beta': 0.4, 'max_iterations': 100}",6.2                                                                                                                                    ,6.2                   ,                      ,6.2                   ,0.062497854232788086 ,                                       ,                                            ,                                      ,                                           ,                                                  ,
15             ,TSP_CITIES_SET_15_N_7.json,CPU                        ,particle_swarm_tsp,                  ,                      ,[]      ,False              ,                       ,                       ,[]         ,            ,PSO_POP_100_ALPHA_0_5_BETA_0_4_NR_ITER_100,"{'suffix': 'PSO_POP_100_ALPHA_0_5_BETA_0_4_NR_ITER_100', 'size_of_population': 100, 'alpha': 0.5, 'beta': 0.4, 'max_iterations': 100}",16.1                                                                                                                                   ,16.1                  ,                      ,16.1                  ,0.0624992847442627   ,                                       ,                                            ,                                      ,                                           ,                                                  ,
16             ,TSP_CITIES_SET_16_N_7.json,CPU                        ,particle_swarm_tsp,                  ,                      ,[]      ,False              ,                       ,                       ,[]         ,            ,PSO_POP_100_ALPHA_0_5_BETA_0_4_NR_ITER_100,"{'suffix': 'PSO_POP_100_ALPHA_0_5_BETA_0_4_NR_ITER_100', 'size_of_population': 100, 'alpha': 0.5, 'beta': 0.4, 'max_iterations': 100}",5.3                                                                                                                                    ,5.3                   ,                      ,5.3                   ,0.04687690734863281  ,                                       ,                                            ,                                      ,                                           ,                                                  ,
17             ,TSP_CITIES_SET_17_N_7.json,CPU                        ,particle_swarm_tsp,                  ,                      ,[]      ,False              ,                       ,                       ,[]         ,            ,PSO_POP_100_ALPHA_0_5_BETA_0_4_NR_ITER_100,"{'suffix': 'PSO_POP_100_ALPHA_0_5_BETA_0_4_NR_ITER_100', 'size_of_population': 100, 'alpha': 0.5, 'beta': 0.4, 'max_iterations': 100}",18.8                                                                                                                                   ,18.8                  ,                      ,18.8                  ,0.06252884864807129  ,                                       ,                                            ,                                      ,                                           ,                                                  ,
18             ,TSP_CITIES_SET_18_N_7.json,CPU                        ,particle_swarm_tsp,                  ,                      ,[]      ,False              ,                       ,                       ,[]         ,            ,PSO_POP_100_ALPHA_0_5_BETA_0_4_NR_ITER_100,"{'suffix': 'PSO_POP_100_ALPHA_0_5_BETA_0_4_NR_ITER_100', 'size_of_population': 100, 'alpha': 0.5, 'beta': 0.4, 'max_iterations': 100}",7.3                                                                                                                                    ,7.3                   ,                      ,7.3                   ,0.06249856948852539  ,                                       ,                                            ,                                      ,                                           ,                                                  ,
19             ,TSP_CITIES_SET_19_N_7.json,CPU                        ,particle_swarm_tsp,                  ,                      ,[]      ,False              ,                       ,                       ,[]         ,            ,PSO_POP_100_ALPHA_0_5_BETA_0_4_NR_ITER_100,"{'suffix': 'PSO_POP_100_ALPHA_0_5_BETA_0_4_NR_ITER_100', 'size_of_population': 100, 'alpha': 0.5, 'beta': 0.4, 'max_iterations': 100}",19.6                                                                                                                                   ,19.6                  ,                      ,19.6                  ,0.06250357627868652  ,                                       ,                                            ,                                      ,                                           ,                                                  ,
20             ,TSP_CITIES_SET_20_N_7.json,CPU                        ,particle_swarm_tsp,                  ,                      ,[]      ,False              ,                       ,                       ,[]         ,            ,PSO_POP_100_ALPHA_0_5_BETA_0_4_NR_ITER_100,"{'suffix': 'PSO_POP_100_ALPHA_0_5_BETA_0_4_NR_ITER_100', 'size_of_population': 100, 'alpha': 0.5, 'beta': 0.4, 'max_iterations': 100}",4.7                                                                                                                                    ,4.7                   ,                      ,4.7                   ,0.04687023162841797  ,                                       ,                                            ,                                      ,                                           ,                                                  ,
21             ,TSP_CITIES_SET_21_N_7.json,CPU                        ,particle_swarm_tsp,                  ,                      ,[]      ,False              ,                       ,                       ,[]         ,            ,PSO_POP_100_ALPHA_0_5_BETA_0_4_NR_ITER_100,"{'suffix': 'PSO_POP_100_ALPHA_0_5_BETA_0_4_NR_ITER_100', 'size_of_population': 100, 'alpha': 0.5, 'beta': 0.4, 'max_iterations': 100}",7.4                                                                                                                                    ,7.4                   ,                      ,7.4                   ,0.04687023162841797  ,                                       ,                                            ,                                      ,                                           ,                                                  ,
22             ,TSP_CITIES_SET_22_N_7.json,CPU                        ,particle_swarm_tsp,                  ,                      ,[]      ,False              ,                       ,                       ,[]         ,            ,PSO_POP_100_ALPHA_0_5_BETA_0_4_NR_ITER_100,"{'suffix': 'PSO_POP_100_ALPHA_0_5_BETA_0_4_NR_ITER_100', 'size_of_population': 100, 'alpha': 0.5, 'beta': 0.4, 'max_iterations': 100}",13.2                                                                                                                                   ,13.2                  ,                      ,13.2                  ,0.0624687671661377   ,                                       ,                                            ,                                      ,                                           ,                                                  ,
23             ,TSP_CITIES_SET_23_N_7.json,CPU                        ,particle_swarm_tsp,                  ,                      ,[]      ,False              ,                       ,                       ,[]         ,            ,PSO_POP_100_ALPHA_0_5_BETA_0_4_NR_ITER_100,"{'suffix': 'PSO_POP_100_ALPHA_0_5_BETA_0_4_NR_ITER_100', 'size_of_population': 100, 'alpha': 0.5, 'beta': 0.4, 'max_iterations': 100}",7.0                                                                                                                                    ,7.0                   ,                      ,7.0                   ,0.046916723251342766 ,                                       ,                                            ,                                      ,                                           ,                                                  ,
24             ,TSP_CITIES_SET_24_N_7.json,CPU                        ,particle_swarm_tsp,                  ,                      ,[]      ,False              ,                       ,                       ,[]         ,            ,PSO_POP_100_ALPHA_0_5_BETA_0_4_NR_ITER_100,"{'suffix': 'PSO_POP_100_ALPHA_0_5_BETA_0_4_NR_ITER_100', 'size_of_population': 100, 'alpha': 0.5, 'beta': 0.4, 'max_iterations': 100}",6.2                                                                                                                                    ,6.2                   ,                      ,6.2                   ,0.06249809265136719  ,                                       ,                                            ,                                      ,                                           ,                                                  ,
25             ,TSP_CITIES_SET_25_N_7.json,CPU                        ,particle_swarm_tsp,                  ,                      ,[]      ,False              ,                       ,                       ,[]         ,            ,PSO_POP_100_ALPHA_0_5_BETA_0_4_NR_ITER_100,"{'suffix': 'PSO_POP_100_ALPHA_0_5_BETA_0_4_NR_ITER_100', 'size_of_population': 100, 'alpha': 0.5, 'beta': 0.4, 'max_iterations': 100}",7.8                                                                                                                                    ,7.8                   ,                      ,7.8                   ,0.06254148483276367  ,                                       ,                                            ,                                      ,                                           ,                                                  ,
26             ,TSP_CITIES_SET_26_N_7.json,CPU                        ,particle_swarm_tsp,                  ,                      ,[]      ,False              ,                       ,                       ,[]         ,            ,PSO_POP_100_ALPHA_0_5_BETA_0_4_NR_ITER_100,"{'suffix': 'PSO_POP_100_ALPHA_0_5_BETA_0_4_NR_ITER_100', 'size_of_population': 100, 'alpha': 0.5, 'beta': 0.4, 'max_iterations': 100}",6.2                                                                                                                                    ,6.2                   ,                      ,6.2                   ,0.06250119209289551  ,                                       ,                                            ,                                      ,                                           ,                                                  ,
27             ,TSP_CITIES_SET_27_N_7.json,CPU                        ,particle_swarm_tsp,                  ,                      ,[]      ,False              ,                       ,                       ,[]         ,            ,PSO_POP_100_ALPHA_0_5_BETA_0_4_NR_ITER_100,"{'suffix': 'PSO_POP_100_ALPHA_0_5_BETA_0_4_NR_ITER_100', 'size_of_population': 100, 'alpha': 0.5, 'beta': 0.4, 'max_iterations': 100}",4.7                                                                                                                                    ,4.7                   ,                      ,4.7                   ,0.046873807907104485 ,                                       ,                                            ,                                      ,                                           ,                                                  ,
28             ,TSP_CITIES_SET_28_N_7.json,CPU                        ,particle_swarm_tsp,                  ,                      ,[]      ,False              ,                       ,                       ,[]         ,            ,PSO_POP_100_ALPHA_0_5_BETA_0_4_NR_ITER_100,"{'suffix': 'PSO_POP_100_ALPHA_0_5_BETA_0_4_NR_ITER_100', 'size_of_population': 100, 'alpha': 0.5, 'beta': 0.4, 'max_iterations': 100}",19.2                                                                                                                                   ,19.2                  ,                      ,19.2                  ,0.06246280670166016  ,                                       ,                                            ,                                      ,                                           ,                                                  ,
29             ,TSP_CITIES_SET_29_N_7.json,CPU                        ,particle_swarm_tsp,                  ,                      ,[]      ,False              ,                       ,                       ,[]         ,            ,PSO_POP_100_ALPHA_0_5_BETA_0_4_NR_ITER_100,"{'suffix': 'PSO_POP_100_ALPHA_0_5_BETA_0_4_NR_ITER_100', 'size_of_population': 100, 'alpha': 0.5, 'beta': 0.4, 'max_iterations': 100}",4.8                                                                                                                                    ,4.8                   ,                      ,4.8                   ,0.04687213897705078  ,                                       ,                                            ,                                      ,                                           ,                                                  ,
30             ,TSP_CITIES_SET_30_N_7.json,CPU                        ,particle_swarm_tsp,                  ,                      ,[]      ,False              ,                       ,                       ,[]         ,            ,PSO_POP_100_ALPHA_0_5_BETA_0_4_NR_ITER_100,"{'suffix': 'PSO_POP_100_ALPHA_0_5_BETA_0_4_NR_ITER_100', 'size_of_population': 100, 'alpha': 0.5, 'beta': 0.4, 'max_iterations': 100}",17.9                                                                                                                                   ,17.9                  ,                      ,17.9                  ,0.04683804512023927  ,                                       ,                                            ,                                      ,                                           ,                                                  ,
31             ,TSP_CITIES_SET_31_N_7.json,CPU                        ,particle_swarm_tsp,                  ,                      ,[]      ,False              ,                       ,                       ,[]         ,            ,PSO_POP_100_ALPHA_0_5_BETA_0_4_NR_ITER_100,"{'suffix': 'PSO_POP_100_ALPHA_0_5_BETA_0_4_NR_ITER_100', 'size_of_population': 100, 'alpha': 0.5, 'beta': 0.4, 'max_iterations': 100}",5.6                                                                                                                                    ,5.6                   ,                      ,5.6                   ,0.04692482948303224  ,                                       ,                                            ,                                      ,                                           ,                                                  ,
32             ,TSP_CITIES_SET_32_N_7.json,CPU                        ,particle_swarm_tsp,                  ,                      ,[]      ,False              ,                       ,                       ,[]         ,            ,PSO_POP_100_ALPHA_0_5_BETA_0_4_NR_ITER_100,"{'suffix': 'PSO_POP_100_ALPHA_0_5_BETA_0_4_NR_ITER_100', 'size_of_population': 100, 'alpha': 0.5, 'beta': 0.4, 'max_iterations': 100}",7.1                                                                                                                                    ,7.1                   ,                      ,7.1                   ,0.06250452995300293  ,                                       ,                                            ,                                      ,                                           ,                                                  ,
33             ,TSP_CITIES_SET_33_N_7.json,CPU                        ,particle_swarm_tsp,                  ,                      ,[]      ,False              ,                       ,                       ,[]         ,            ,PSO_POP_100_ALPHA_0_5_BETA_0_4_NR_ITER_100,"{'suffix': 'PSO_POP_100_ALPHA_0_5_BETA_0_4_NR_ITER_100', 'size_of_population': 100, 'alpha': 0.5, 'beta': 0.4, 'max_iterations': 100}",7.9                                                                                                                                    ,7.9                   ,                      ,7.9                   ,0.07810115814208984  ,                                       ,                                            ,                                      ,                                           ,                                                  ,
34             ,TSP_CITIES_SET_34_N_7.json,CPU                        ,particle_swarm_tsp,                  ,                      ,[]      ,False              ,                       ,                       ,[]         ,            ,PSO_POP_100_ALPHA_0_5_BETA_0_4_NR_ITER_100,"{'suffix': 'PSO_POP_100_ALPHA_0_5_BETA_0_4_NR_ITER_100', 'size_of_population': 100, 'alpha': 0.5, 'beta': 0.4, 'max_iterations': 100}",6.2                                                                                                                                    ,6.2                   ,                      ,6.2                   ,0.06249642372131348  ,                                       ,                                            ,                                      ,                                           ,                                                  ,
35             ,TSP_CITIES_SET_35_N_7.json,CPU                        ,particle_swarm_tsp,                  ,                      ,[]      ,False              ,                       ,                       ,[]         ,            ,PSO_POP_100_ALPHA_0_5_BETA_0_4_NR_ITER_100,"{'suffix': 'PSO_POP_100_ALPHA_0_5_BETA_0_4_NR_ITER_100', 'size_of_population': 100, 'alpha': 0.5, 'beta': 0.4, 'max_iterations': 100}",18.8                                                                                                                                   ,18.8                  ,                      ,18.8                  ,0.0624992847442627   ,                                       ,                                            ,                                      ,                                           ,                                                  ,
36             ,TSP_CITIES_SET_36_N_7.json,CPU                        ,particle_swarm_tsp,                  ,                      ,[]      ,False              ,                       ,                       ,[]         ,            ,PSO_POP_100_ALPHA_0_5_BETA_0_4_NR_ITER_100,"{'suffix': 'PSO_POP_100_ALPHA_0_5_BETA_0_4_NR_ITER_100', 'size_of_population': 100, 'alpha': 0.5, 'beta': 0.4, 'max_iterations': 100}",6.2                                                                                                                                    ,6.2                   ,                      ,6.2                   ,0.06250190734863281  ,                                       ,                                            ,                                      ,                                           ,                                                  ,
37             ,TSP_CITIES_SET_37_N_7.json,CPU                        ,particle_swarm_tsp,                  ,                      ,[]      ,False              ,                       ,                       ,[]         ,            ,PSO_POP_100_ALPHA_0_5_BETA_0_4_NR_ITER_100,"{'suffix': 'PSO_POP_100_ALPHA_0_5_BETA_0_4_NR_ITER_100', 'size_of_population': 100, 'alpha': 0.5, 'beta': 0.4, 'max_iterations': 100}",18.8                                                                                                                                   ,18.8                  ,                      ,18.8                  ,0.06248784065246583  ,                                       ,                                            ,                                      ,                                           ,                                                  ,
38             ,TSP_CITIES_SET_38_N_7.json,CPU                        ,particle_swarm_tsp,                  ,                      ,[]      ,False              ,                       ,                       ,[]         ,            ,PSO_POP_100_ALPHA_0_5_BETA_0_4_NR_ITER_100,"{'suffix': 'PSO_POP_100_ALPHA_0_5_BETA_0_4_NR_ITER_100', 'size_of_population': 100, 'alpha': 0.5, 'beta': 0.4, 'max_iterations': 100}",5.6                                                                                                                                    ,5.6                   ,                      ,5.6                   ,0.046910762786865234 ,                                       ,                                            ,                                      ,                                           ,                                                  ,
39             ,TSP_CITIES_SET_39_N_7.json,CPU                        ,particle_swarm_tsp,                  ,                      ,[]      ,False              ,                       ,                       ,[]         ,            ,PSO_POP_100_ALPHA_0_5_BETA_0_4_NR_ITER_100,"{'suffix': 'PSO_POP_100_ALPHA_0_5_BETA_0_4_NR_ITER_100', 'size_of_population': 100, 'alpha': 0.5, 'beta': 0.4, 'max_iterations': 100}",9.2                                                                                                                                    ,9.2                   ,                      ,9.2                   ,0.062485933303833015 ,                                       ,                                            ,                                      ,                                           ,                                                  ,
40             ,TSP_CITIES_SET_40_N_7.json,CPU                        ,particle_swarm_tsp,                  ,                      ,[]      ,False              ,                       ,                       ,[]         ,            ,PSO_POP_100_ALPHA_0_5_BETA_0_4_NR_ITER_100,"{'suffix': 'PSO_POP_100_ALPHA_0_5_BETA_0_4_NR_ITER_100', 'size_of_population': 100, 'alpha': 0.5, 'beta': 0.4, 'max_iterations': 100}",7.4                                                                                                                                    ,7.4                   ,                      ,7.4                   ,0.06249380111694336  ,                                       ,                                            ,                                      ,                                           ,                                                  ,
41             ,TSP_CITIES_SET_41_N_7.json,CPU                        ,particle_swarm_tsp,                  ,                      ,[]      ,False              ,                       ,                       ,[]         ,            ,PSO_POP_100_ALPHA_0_5_BETA_0_4_NR_ITER_100,"{'suffix': 'PSO_POP_100_ALPHA_0_5_BETA_0_4_NR_ITER_100', 'size_of_population': 100, 'alpha': 0.5, 'beta': 0.4, 'max_iterations': 100}",6.3                                                                                                                                    ,6.3                   ,                      ,6.3                   ,0.06252384185791016  ,                                       ,                                            ,                                      ,                                           ,                                                  ,
42             ,TSP_CITIES_SET_42_N_7.json,CPU                        ,particle_swarm_tsp,                  ,                      ,[]      ,False              ,                       ,                       ,[]         ,            ,PSO_POP_100_ALPHA_0_5_BETA_0_4_NR_ITER_100,"{'suffix': 'PSO_POP_100_ALPHA_0_5_BETA_0_4_NR_ITER_100', 'size_of_population': 100, 'alpha': 0.5, 'beta': 0.4, 'max_iterations': 100}",18.1                                                                                                                                   ,18.1                  ,                      ,18.1                  ,0.062489509582519524 ,                                       ,                                            ,                                      ,                                           ,                                                  ,
43             ,TSP_CITIES_SET_43_N_7.json,CPU                        ,particle_swarm_tsp,                  ,                      ,[]      ,False              ,                       ,                       ,[]         ,            ,PSO_POP_100_ALPHA_0_5_BETA_0_4_NR_ITER_100,"{'suffix': 'PSO_POP_100_ALPHA_0_5_BETA_0_4_NR_ITER_100', 'size_of_population': 100, 'alpha': 0.5, 'beta': 0.4, 'max_iterations': 100}",16.1                                                                                                                                   ,16.1                  ,                      ,16.1                  ,0.05754184722900391  ,                                       ,                                            ,                                      ,                                           ,                                                  ,
44             ,TSP_CITIES_SET_44_N_7.json,CPU                        ,particle_swarm_tsp,                  ,                      ,[]      ,False              ,                       ,                       ,[]         ,            ,PSO_POP_100_ALPHA_0_5_BETA_0_4_NR_ITER_100,"{'suffix': 'PSO_POP_100_ALPHA_0_5_BETA_0_4_NR_ITER_100', 'size_of_population': 100, 'alpha': 0.5, 'beta': 0.4, 'max_iterations': 100}",18.8                                                                                                                                   ,18.8                  ,                      ,18.8                  ,0.062497854232788086 ,                                       ,                                            ,                                      ,                                           ,                                                  ,
45             ,TSP_CITIES_SET_45_N_7.json,CPU                        ,particle_swarm_tsp,                  ,                      ,[]      ,False              ,                       ,                       ,[]         ,            ,PSO_POP_100_ALPHA_0_5_BETA_0_4_NR_ITER_100,"{'suffix': 'PSO_POP_100_ALPHA_0_5_BETA_0_4_NR_ITER_100', 'size_of_population': 100, 'alpha': 0.5, 'beta': 0.4, 'max_iterations': 100}",5.5                                                                                                                                    ,5.5                   ,                      ,5.5                   ,0.04688572883605957  ,                                       ,                                            ,                                      ,                                           ,                                                  ,
46             ,TSP_CITIES_SET_46_N_7.json,CPU                        ,particle_swarm_tsp,                  ,                      ,[]      ,False              ,                       ,                       ,[]         ,            ,PSO_POP_100_ALPHA_0_5_BETA_0_4_NR_ITER_100,"{'suffix': 'PSO_POP_100_ALPHA_0_5_BETA_0_4_NR_ITER_100', 'size_of_population': 100, 'alpha': 0.5, 'beta': 0.4, 'max_iterations': 100}",11.1                                                                                                                                   ,11.1                  ,                      ,11.1                  ,0.04687333106994629  ,                                       ,                                            ,                                      ,                                           ,                                                  ,
47             ,TSP_CITIES_SET_47_N_7.json,CPU                        ,particle_swarm_tsp,                  ,                      ,[]      ,False              ,                       ,                       ,[]         ,            ,PSO_POP_100_ALPHA_0_5_BETA_0_4_NR_ITER_100,"{'suffix': 'PSO_POP_100_ALPHA_0_5_BETA_0_4_NR_ITER_100', 'size_of_population': 100, 'alpha': 0.5, 'beta': 0.4, 'max_iterations': 100}",21.5                                                                                                                                   ,21.5                  ,                      ,21.5                  ,0.06247091293334961  ,                                       ,                                            ,                                      ,                                           ,                                                  ,
48             ,TSP_CITIES_SET_48_N_7.json,CPU                        ,particle_swarm_tsp,                  ,                      ,[]      ,False              ,                       ,                       ,[]         ,            ,PSO_POP_100_ALPHA_0_5_BETA_0_4_NR_ITER_100,"{'suffix': 'PSO_POP_100_ALPHA_0_5_BETA_0_4_NR_ITER_100', 'size_of_population': 100, 'alpha': 0.5, 'beta': 0.4, 'max_iterations': 100}",23.2                                                                                                                                   ,23.2                  ,                      ,23.2                  ,0.060388803482055664 ,                                       ,                                            ,                                      ,                                           ,                                                  ,
49             ,TSP_CITIES_SET_49_N_7.json,CPU                        ,particle_swarm_tsp,                  ,                      ,[]      ,False              ,                       ,                       ,[]         ,            ,PSO_POP_100_ALPHA_0_5_BETA_0_4_NR_ITER_100,"{'suffix': 'PSO_POP_100_ALPHA_0_5_BETA_0_4_NR_ITER_100', 'size_of_population': 100, 'alpha': 0.5, 'beta': 0.4, 'max_iterations': 100}",8.8                                                                                                                                    ,8.8                   ,                      ,8.8                   ,0.06249284744262695  ,                                       ,                                            ,                                      ,                                           ,                                                  ,
50             ,TSP_CITIES_SET_50_N_7.json,CPU                        ,particle_swarm_tsp,                  ,                      ,[]      ,False              ,                       ,                       ,[]         ,            ,PSO_POP_100_ALPHA_0_5_BETA_0_4_NR_ITER_100,"{'suffix': 'PSO_POP_100_ALPHA_0_5_BETA_0_4_NR_ITER_100', 'size_of_population': 100, 'alpha': 0.5, 'beta': 0.4, 'max_iterations': 100}",7.3                                                                                                                                    ,7.3                   ,                      ,7.3                   ,0.06249856948852539  ,                                       ,                                            ,                                      ,                                           ,                                                  ,
51             ,TSP_CITIES_SET_51_N_7.json,CPU                        ,particle_swarm_tsp,                  ,                      ,[]      ,False              ,                       ,                       ,[]         ,            ,PSO_POP_100_ALPHA_0_5_BETA_0_4_NR_ITER_100,"{'suffix': 'PSO_POP_100_ALPHA_0_5_BETA_0_4_NR_ITER_100', 'size_of_population': 100, 'alpha': 0.5, 'beta': 0.4, 'max_iterations': 100}",9.5                                                                                                                                    ,9.5                   ,                      ,9.5                   ,0.0624990463256836   ,                                       ,                                            ,                                      ,                                           ,                                                  ,
52             ,TSP_CITIES_SET_52_N_7.json,CPU                        ,particle_swarm_tsp,                  ,                      ,[]      ,False              ,                       ,                       ,[]         ,            ,PSO_POP_100_ALPHA_0_5_BETA_0_4_NR_ITER_100,"{'suffix': 'PSO_POP_100_ALPHA_0_5_BETA_0_4_NR_ITER_100', 'size_of_population': 100, 'alpha': 0.5, 'beta': 0.4, 'max_iterations': 100}",9.5                                                                                                                                    ,9.5                   ,                      ,9.5                   ,0.0780942440032959   ,                                       ,                                            ,                                      ,                                           ,                                                  ,
53             ,TSP_CITIES_SET_53_N_7.json,CPU                        ,particle_swarm_tsp,                  ,                      ,[]      ,False              ,                       ,                       ,[]         ,            ,PSO_POP_100_ALPHA_0_5_BETA_0_4_NR_ITER_100,"{'suffix': 'PSO_POP_100_ALPHA_0_5_BETA_0_4_NR_ITER_100', 'size_of_population': 100, 'alpha': 0.5, 'beta': 0.4, 'max_iterations': 100}",8.9                                                                                                                                    ,8.9                   ,                      ,8.9                   ,0.04688549041748047  ,                                       ,                                            ,                                      ,                                           ,                                                  ,
54             ,TSP_CITIES_SET_54_N_7.json,CPU                        ,particle_swarm_tsp,                  ,                      ,[]      ,False              ,                       ,                       ,[]         ,            ,PSO_POP_100_ALPHA_0_5_BETA_0_4_NR_ITER_100,"{'suffix': 'PSO_POP_100_ALPHA_0_5_BETA_0_4_NR_ITER_100', 'size_of_population': 100, 'alpha': 0.5, 'beta': 0.4, 'max_iterations': 100}",10.9                                                                                                                                   ,10.9                  ,                      ,10.9                  ,0.06253671646118164  ,                                       ,                                            ,                                      ,                                           ,                                                  ,
55             ,TSP_CITIES_SET_55_N_7.json,CPU                        ,particle_swarm_tsp,                  ,                      ,[]      ,False              ,                       ,                       ,[]         ,            ,PSO_POP_100_ALPHA_0_5_BETA_0_4_NR_ITER_100,"{'suffix': 'PSO_POP_100_ALPHA_0_5_BETA_0_4_NR_ITER_100', 'size_of_population': 100, 'alpha': 0.5, 'beta': 0.4, 'max_iterations': 100}",43.8                                                                                                                                   ,43.8                  ,                      ,43.8                  ,0.0624995231628418   ,                                       ,                                            ,                                      ,                                           ,                                                  ,
56             ,TSP_CITIES_SET_56_N_7.json,CPU                        ,particle_swarm_tsp,                  ,                      ,[]      ,False              ,                       ,                       ,[]         ,            ,PSO_POP_100_ALPHA_0_5_BETA_0_4_NR_ITER_100,"{'suffix': 'PSO_POP_100_ALPHA_0_5_BETA_0_4_NR_ITER_100', 'size_of_population': 100, 'alpha': 0.5, 'beta': 0.4, 'max_iterations': 100}",6.2                                                                                                                                    ,6.2                   ,                      ,6.2                   ,0.06251144409179688  ,                                       ,                                            ,                                      ,                                           ,                                                  ,
57             ,TSP_CITIES_SET_57_N_7.json,CPU                        ,particle_swarm_tsp,                  ,                      ,[]      ,False              ,                       ,                       ,[]         ,            ,PSO_POP_100_ALPHA_0_5_BETA_0_4_NR_ITER_100,"{'suffix': 'PSO_POP_100_ALPHA_0_5_BETA_0_4_NR_ITER_100', 'size_of_population': 100, 'alpha': 0.5, 'beta': 0.4, 'max_iterations': 100}",6.3                                                                                                                                    ,6.3                   ,                      ,6.3                   ,0.06247401237487792  ,                                       ,                                            ,                                      ,                                           ,                                                  ,
58             ,TSP_CITIES_SET_58_N_7.json,CPU                        ,particle_swarm_tsp,                  ,                      ,[]      ,False              ,                       ,                       ,[]         ,            ,PSO_POP_100_ALPHA_0_5_BETA_0_4_NR_ITER_100,"{'suffix': 'PSO_POP_100_ALPHA_0_5_BETA_0_4_NR_ITER_100', 'size_of_population': 100, 'alpha': 0.5, 'beta': 0.4, 'max_iterations': 100}",7.1                                                                                                                                    ,7.1                   ,                      ,7.1                   ,0.04687070846557617  ,                                       ,                                            ,                                      ,                                           ,                                                  ,
59             ,TSP_CITIES_SET_59_N_7.json,CPU                        ,particle_swarm_tsp,                  ,                      ,[]      ,False              ,                       ,                       ,[]         ,            ,PSO_POP_100_ALPHA_0_5_BETA_0_4_NR_ITER_100,"{'suffix': 'PSO_POP_100_ALPHA_0_5_BETA_0_4_NR_ITER_100', 'size_of_population': 100, 'alpha': 0.5, 'beta': 0.4, 'max_iterations': 100}",17.9                                                                                                                                   ,17.9                  ,                      ,17.9                  ,0.04687261581420898  ,                                       ,                                            ,                                      ,                                           ,                                                  ,
60             ,TSP_CITIES_SET_60_N_7.json,CPU                        ,particle_swarm_tsp,                  ,                      ,[]      ,False              ,                       ,                       ,[]         ,            ,PSO_POP_100_ALPHA_0_5_BETA_0_4_NR_ITER_100,"{'suffix': 'PSO_POP_100_ALPHA_0_5_BETA_0_4_NR_ITER_100', 'size_of_population': 100, 'alpha': 0.5, 'beta': 0.4, 'max_iterations': 100}",5.6                                                                                                                                    ,5.6                   ,                      ,5.6                   ,0.06249856948852539  ,                                       ,                                            ,                                      ,                                           ,                                                  ,
61             ,TSP_CITIES_SET_61_N_7.json,CPU                        ,particle_swarm_tsp,                  ,                      ,[]      ,False              ,                       ,                       ,[]         ,            ,PSO_POP_100_ALPHA_0_5_BETA_0_4_NR_ITER_100,"{'suffix': 'PSO_POP_100_ALPHA_0_5_BETA_0_4_NR_ITER_100', 'size_of_population': 100, 'alpha': 0.5, 'beta': 0.4, 'max_iterations': 100}",17.9                                                                                                                                   ,17.9                  ,                      ,17.9                  ,0.046872854232788086 ,                                       ,                                            ,                                      ,                                           ,                                                  ,
62             ,TSP_CITIES_SET_62_N_7.json,CPU                        ,particle_swarm_tsp,                  ,                      ,[]      ,False              ,                       ,                       ,[]         ,            ,PSO_POP_100_ALPHA_0_5_BETA_0_4_NR_ITER_100,"{'suffix': 'PSO_POP_100_ALPHA_0_5_BETA_0_4_NR_ITER_100', 'size_of_population': 100, 'alpha': 0.5, 'beta': 0.4, 'max_iterations': 100}",6.2                                                                                                                                    ,6.2                   ,                      ,6.2                   ,0.0624995231628418   ,                                       ,                                            ,                                      ,                                           ,                                                  ,
63             ,TSP_CITIES_SET_63_N_7.json,CPU                        ,particle_swarm_tsp,                  ,                      ,[]      ,False              ,                       ,                       ,[]         ,            ,PSO_POP_100_ALPHA_0_5_BETA_0_4_NR_ITER_100,"{'suffix': 'PSO_POP_100_ALPHA_0_5_BETA_0_4_NR_ITER_100', 'size_of_population': 100, 'alpha': 0.5, 'beta': 0.4, 'max_iterations': 100}",8.9                                                                                                                                    ,8.9                   ,                      ,8.9                   ,0.04683494567871094  ,                                       ,                                            ,                                      ,                                           ,                                                  ,
64             ,TSP_CITIES_SET_64_N_7.json,CPU                        ,particle_swarm_tsp,                  ,                      ,[]      ,False              ,                       ,                       ,[]         ,            ,PSO_POP_100_ALPHA_0_5_BETA_0_4_NR_ITER_100,"{'suffix': 'PSO_POP_100_ALPHA_0_5_BETA_0_4_NR_ITER_100', 'size_of_population': 100, 'alpha': 0.5, 'beta': 0.4, 'max_iterations': 100}",8.9                                                                                                                                    ,8.9                   ,                      ,8.9                   ,0.06244111061096193  ,                                       ,                                            ,                                      ,                                           ,                                                  ,
65             ,TSP_CITIES_SET_65_N_7.json,CPU                        ,particle_swarm_tsp,                  ,                      ,[]      ,False              ,                       ,                       ,[]         ,            ,PSO_POP_100_ALPHA_0_5_BETA_0_4_NR_ITER_100,"{'suffix': 'PSO_POP_100_ALPHA_0_5_BETA_0_4_NR_ITER_100', 'size_of_population': 100, 'alpha': 0.5, 'beta': 0.4, 'max_iterations': 100}",6.2                                                                                                                                    ,6.2                   ,                      ,6.2                   ,0.046875             ,                                       ,                                            ,                                      ,                                           ,                                                  ,
66             ,TSP_CITIES_SET_66_N_7.json,CPU                        ,particle_swarm_tsp,                  ,                      ,[]      ,False              ,                       ,                       ,[]         ,            ,PSO_POP_100_ALPHA_0_5_BETA_0_4_NR_ITER_100,"{'suffix': 'PSO_POP_100_ALPHA_0_5_BETA_0_4_NR_ITER_100', 'size_of_population': 100, 'alpha': 0.5, 'beta': 0.4, 'max_iterations': 100}",7.1                                                                                                                                    ,7.1                   ,                      ,7.1                   ,0.06249690055847167  ,                                       ,                                            ,                                      ,                                           ,                                                  ,
67             ,TSP_CITIES_SET_67_N_7.json,CPU                        ,particle_swarm_tsp,                  ,                      ,[]      ,False              ,                       ,                       ,[]         ,            ,PSO_POP_100_ALPHA_0_5_BETA_0_4_NR_ITER_100,"{'suffix': 'PSO_POP_100_ALPHA_0_5_BETA_0_4_NR_ITER_100', 'size_of_population': 100, 'alpha': 0.5, 'beta': 0.4, 'max_iterations': 100}",4.7                                                                                                                                    ,4.7                   ,                      ,4.7                   ,0.046874284744262695 ,                                       ,                                            ,                                      ,                                           ,                                                  ,
68             ,TSP_CITIES_SET_68_N_7.json,CPU                        ,particle_swarm_tsp,                  ,                      ,[]      ,False              ,                       ,                       ,[]         ,            ,PSO_POP_100_ALPHA_0_5_BETA_0_4_NR_ITER_100,"{'suffix': 'PSO_POP_100_ALPHA_0_5_BETA_0_4_NR_ITER_100', 'size_of_population': 100, 'alpha': 0.5, 'beta': 0.4, 'max_iterations': 100}",17.9                                                                                                                                   ,17.9                  ,                      ,17.9                  ,0.046874284744262695 ,                                       ,                                            ,                                      ,                                           ,                                                  ,
69             ,TSP_CITIES_SET_69_N_7.json,CPU                        ,particle_swarm_tsp,                  ,                      ,[]      ,False              ,                       ,                       ,[]         ,            ,PSO_POP_100_ALPHA_0_5_BETA_0_4_NR_ITER_100,"{'suffix': 'PSO_POP_100_ALPHA_0_5_BETA_0_4_NR_ITER_100', 'size_of_population': 100, 'alpha': 0.5, 'beta': 0.4, 'max_iterations': 100}",5.4                                                                                                                                    ,5.4                   ,                      ,5.4                   ,0.04924440383911133  ,                                       ,                                            ,                                      ,                                           ,                                                  ,
70             ,TSP_CITIES_SET_70_N_7.json,CPU                        ,particle_swarm_tsp,                  ,                      ,[]      ,False              ,                       ,                       ,[]         ,            ,PSO_POP_100_ALPHA_0_5_BETA_0_4_NR_ITER_100,"{'suffix': 'PSO_POP_100_ALPHA_0_5_BETA_0_4_NR_ITER_100', 'size_of_population': 100, 'alpha': 0.5, 'beta': 0.4, 'max_iterations': 100}",6.2                                                                                                                                    ,6.2                   ,                      ,6.2                   ,0.062498807907104485 ,                                       ,                                            ,                                      ,                                           ,                                                  ,
71             ,TSP_CITIES_SET_71_N_7.json,CPU                        ,particle_swarm_tsp,                  ,                      ,[]      ,False              ,                       ,                       ,[]         ,            ,PSO_POP_100_ALPHA_0_5_BETA_0_4_NR_ITER_100,"{'suffix': 'PSO_POP_100_ALPHA_0_5_BETA_0_4_NR_ITER_100', 'size_of_population': 100, 'alpha': 0.5, 'beta': 0.4, 'max_iterations': 100}",8.9                                                                                                                                    ,8.9                   ,                      ,8.9                   ,0.06249284744262695  ,                                       ,                                            ,                                      ,                                           ,                                                  ,
72             ,TSP_CITIES_SET_72_N_7.json,CPU                        ,particle_swarm_tsp,                  ,                      ,[]      ,False              ,                       ,                       ,[]         ,            ,PSO_POP_100_ALPHA_0_5_BETA_0_4_NR_ITER_100,"{'suffix': 'PSO_POP_100_ALPHA_0_5_BETA_0_4_NR_ITER_100', 'size_of_population': 100, 'alpha': 0.5, 'beta': 0.4, 'max_iterations': 100}",7.1                                                                                                                                    ,7.1                   ,                      ,7.1                   ,0.06253480911254883  ,                                       ,                                            ,                                      ,                                           ,                                                  ,
73             ,TSP_CITIES_SET_73_N_7.json,CPU                        ,particle_swarm_tsp,                  ,                      ,[]      ,False              ,                       ,                       ,[]         ,            ,PSO_POP_100_ALPHA_0_5_BETA_0_4_NR_ITER_100,"{'suffix': 'PSO_POP_100_ALPHA_0_5_BETA_0_4_NR_ITER_100', 'size_of_population': 100, 'alpha': 0.5, 'beta': 0.4, 'max_iterations': 100}",17.9                                                                                                                                   ,17.9                  ,                      ,17.9                  ,0.04688310623168945  ,                                       ,                                            ,                                      ,                                           ,                                                  ,
74             ,TSP_CITIES_SET_74_N_7.json,CPU                        ,particle_swarm_tsp,                  ,                      ,[]      ,False              ,                       ,                       ,[]         ,            ,PSO_POP_100_ALPHA_0_5_BETA_0_4_NR_ITER_100,"{'suffix': 'PSO_POP_100_ALPHA_0_5_BETA_0_4_NR_ITER_100', 'size_of_population': 100, 'alpha': 0.5, 'beta': 0.4, 'max_iterations': 100}",7.5                                                                                                                                    ,7.5                   ,                      ,7.5                   ,0.04687142372131349  ,                                       ,                                            ,                                      ,                                           ,                                                  ,
75             ,TSP_CITIES_SET_75_N_7.json,CPU                        ,particle_swarm_tsp,                  ,                      ,[]      ,False              ,                       ,                       ,[]         ,            ,PSO_POP_100_ALPHA_0_5_BETA_0_4_NR_ITER_100,"{'suffix': 'PSO_POP_100_ALPHA_0_5_BETA_0_4_NR_ITER_100', 'size_of_population': 100, 'alpha': 0.5, 'beta': 0.4, 'max_iterations': 100}",23.4                                                                                                                                   ,23.4                  ,                      ,23.4                  ,0.0781564712524414   ,                                       ,                                            ,                                      ,                                           ,                                                  ,
76             ,TSP_CITIES_SET_76_N_7.json,CPU                        ,particle_swarm_tsp,                  ,                      ,[]      ,False              ,                       ,                       ,[]         ,            ,PSO_POP_100_ALPHA_0_5_BETA_0_4_NR_ITER_100,"{'suffix': 'PSO_POP_100_ALPHA_0_5_BETA_0_4_NR_ITER_100', 'size_of_population': 100, 'alpha': 0.5, 'beta': 0.4, 'max_iterations': 100}",7.0                                                                                                                                    ,7.0                   ,                      ,7.0                   ,0.062494754791259766 ,                                       ,                                            ,                                      ,                                           ,                                                  ,
77             ,TSP_CITIES_SET_77_N_7.json,CPU                        ,particle_swarm_tsp,                  ,                      ,[]      ,False              ,                       ,                       ,[]         ,            ,PSO_POP_100_ALPHA_0_5_BETA_0_4_NR_ITER_100,"{'suffix': 'PSO_POP_100_ALPHA_0_5_BETA_0_4_NR_ITER_100', 'size_of_population': 100, 'alpha': 0.5, 'beta': 0.4, 'max_iterations': 100}",9.7                                                                                                                                    ,9.7                   ,                      ,9.7                   ,0.0781252384185791   ,                                       ,                                            ,                                      ,                                           ,                                                  ,
78             ,TSP_CITIES_SET_78_N_7.json,CPU                        ,particle_swarm_tsp,                  ,                      ,[]      ,False              ,                       ,                       ,[]         ,            ,PSO_POP_100_ALPHA_0_5_BETA_0_4_NR_ITER_100,"{'suffix': 'PSO_POP_100_ALPHA_0_5_BETA_0_4_NR_ITER_100', 'size_of_population': 100, 'alpha': 0.5, 'beta': 0.4, 'max_iterations': 100}",7.1                                                                                                                                    ,7.1                   ,                      ,7.1                   ,0.06249690055847167  ,                                       ,                                            ,                                      ,                                           ,                                                  ,
79             ,TSP_CITIES_SET_79_N_7.json,CPU                        ,particle_swarm_tsp,                  ,                      ,[]      ,False              ,                       ,                       ,[]         ,            ,PSO_POP_100_ALPHA_0_5_BETA_0_4_NR_ITER_100,"{'suffix': 'PSO_POP_100_ALPHA_0_5_BETA_0_4_NR_ITER_100', 'size_of_population': 100, 'alpha': 0.5, 'beta': 0.4, 'max_iterations': 100}",17.9                                                                                                                                   ,17.9                  ,                      ,17.9                  ,0.0468592643737793   ,                                       ,                                            ,                                      ,                                           ,                                                  ,
80             ,TSP_CITIES_SET_80_N_7.json,CPU                        ,particle_swarm_tsp,                  ,                      ,[]      ,False              ,                       ,                       ,[]         ,            ,PSO_POP_100_ALPHA_0_5_BETA_0_4_NR_ITER_100,"{'suffix': 'PSO_POP_100_ALPHA_0_5_BETA_0_4_NR_ITER_100', 'size_of_population': 100, 'alpha': 0.5, 'beta': 0.4, 'max_iterations': 100}",5.4                                                                                                                                    ,5.4                   ,                      ,5.4                   ,0.0468740463256836   ,                                       ,                                            ,                                      ,                                           ,                                                  ,
81             ,TSP_CITIES_SET_81_N_7.json,CPU                        ,particle_swarm_tsp,                  ,                      ,[]      ,False              ,                       ,                       ,[]         ,            ,PSO_POP_100_ALPHA_0_5_BETA_0_4_NR_ITER_100,"{'suffix': 'PSO_POP_100_ALPHA_0_5_BETA_0_4_NR_ITER_100', 'size_of_population': 100, 'alpha': 0.5, 'beta': 0.4, 'max_iterations': 100}",7.8                                                                                                                                    ,7.8                   ,                      ,7.8                   ,0.06246614456176758  ,                                       ,                                            ,                                      ,                                           ,                                                  ,
82             ,TSP_CITIES_SET_82_N_7.json,CPU                        ,particle_swarm_tsp,                  ,                      ,[]      ,False              ,                       ,                       ,[]         ,            ,PSO_POP_100_ALPHA_0_5_BETA_0_4_NR_ITER_100,"{'suffix': 'PSO_POP_100_ALPHA_0_5_BETA_0_4_NR_ITER_100', 'size_of_population': 100, 'alpha': 0.5, 'beta': 0.4, 'max_iterations': 100}",7.0                                                                                                                                    ,7.0                   ,                      ,7.0                   ,0.06246089935302735  ,                                       ,                                            ,                                      ,                                           ,                                                  ,
83             ,TSP_CITIES_SET_83_N_7.json,CPU                        ,particle_swarm_tsp,                  ,                      ,[]      ,False              ,                       ,                       ,[]         ,            ,PSO_POP_100_ALPHA_0_5_BETA_0_4_NR_ITER_100,"{'suffix': 'PSO_POP_100_ALPHA_0_5_BETA_0_4_NR_ITER_100', 'size_of_population': 100, 'alpha': 0.5, 'beta': 0.4, 'max_iterations': 100}",5.6                                                                                                                                    ,5.6                   ,                      ,5.6                   ,0.046872854232788086 ,                                       ,                                            ,                                      ,                                           ,                                                  ,
84             ,TSP_CITIES_SET_84_N_7.json,CPU                        ,particle_swarm_tsp,                  ,                      ,[]      ,False              ,                       ,                       ,[]         ,            ,PSO_POP_100_ALPHA_0_5_BETA_0_4_NR_ITER_100,"{'suffix': 'PSO_POP_100_ALPHA_0_5_BETA_0_4_NR_ITER_100', 'size_of_population': 100, 'alpha': 0.5, 'beta': 0.4, 'max_iterations': 100}",5.4                                                                                                                                    ,5.4                   ,                      ,5.4                   ,0.0468592643737793   ,                                       ,                                            ,                                      ,                                           ,                                                  ,
85             ,TSP_CITIES_SET_85_N_7.json,CPU                        ,particle_swarm_tsp,                  ,                      ,[]      ,False              ,                       ,                       ,[]         ,            ,PSO_POP_100_ALPHA_0_5_BETA_0_4_NR_ITER_100,"{'suffix': 'PSO_POP_100_ALPHA_0_5_BETA_0_4_NR_ITER_100', 'size_of_population': 100, 'alpha': 0.5, 'beta': 0.4, 'max_iterations': 100}",6.2                                                                                                                                    ,6.2                   ,                      ,6.2                   ,0.06249809265136719  ,                                       ,                                            ,                                      ,                                           ,                                                  ,
86             ,TSP_CITIES_SET_86_N_7.json,CPU                        ,particle_swarm_tsp,                  ,                      ,[]      ,False              ,                       ,                       ,[]         ,            ,PSO_POP_100_ALPHA_0_5_BETA_0_4_NR_ITER_100,"{'suffix': 'PSO_POP_100_ALPHA_0_5_BETA_0_4_NR_ITER_100', 'size_of_population': 100, 'alpha': 0.5, 'beta': 0.4, 'max_iterations': 100}",5.4                                                                                                                                    ,5.4                   ,                      ,5.4                   ,0.04687142372131349  ,                                       ,                                            ,                                      ,                                           ,                                                  ,
87             ,TSP_CITIES_SET_87_N_7.json,CPU                        ,particle_swarm_tsp,                  ,                      ,[]      ,False              ,                       ,                       ,[]         ,            ,PSO_POP_100_ALPHA_0_5_BETA_0_4_NR_ITER_100,"{'suffix': 'PSO_POP_100_ALPHA_0_5_BETA_0_4_NR_ITER_100', 'size_of_population': 100, 'alpha': 0.5, 'beta': 0.4, 'max_iterations': 100}",7.9                                                                                                                                    ,7.9                   ,                      ,7.9                   ,0.06249809265136719  ,                                       ,                                            ,                                      ,                                           ,                                                  ,
88             ,TSP_CITIES_SET_88_N_7.json,CPU                        ,particle_swarm_tsp,                  ,                      ,[]      ,False              ,                       ,                       ,[]         ,            ,PSO_POP_100_ALPHA_0_5_BETA_0_4_NR_ITER_100,"{'suffix': 'PSO_POP_100_ALPHA_0_5_BETA_0_4_NR_ITER_100', 'size_of_population': 100, 'alpha': 0.5, 'beta': 0.4, 'max_iterations': 100}",7.3                                                                                                                                    ,7.3                   ,                      ,7.3                   ,0.06381654739379883  ,                                       ,                                            ,                                      ,                                           ,                                                  ,
89             ,TSP_CITIES_SET_89_N_7.json,CPU                        ,particle_swarm_tsp,                  ,                      ,[]      ,False              ,                       ,                       ,[]         ,            ,PSO_POP_100_ALPHA_0_5_BETA_0_4_NR_ITER_100,"{'suffix': 'PSO_POP_100_ALPHA_0_5_BETA_0_4_NR_ITER_100', 'size_of_population': 100, 'alpha': 0.5, 'beta': 0.4, 'max_iterations': 100}",5.7                                                                                                                                    ,5.7                   ,                      ,5.7                   ,0.04692387580871582  ,                                       ,                                            ,                                      ,                                           ,                                                  ,
90             ,TSP_CITIES_SET_90_N_7.json,CPU                        ,particle_swarm_tsp,                  ,                      ,[]      ,False              ,                       ,                       ,[]         ,            ,PSO_POP_100_ALPHA_0_5_BETA_0_4_NR_ITER_100,"{'suffix': 'PSO_POP_100_ALPHA_0_5_BETA_0_4_NR_ITER_100', 'size_of_population': 100, 'alpha': 0.5, 'beta': 0.4, 'max_iterations': 100}",21.9                                                                                                                                   ,21.9                  ,                      ,21.9                  ,0.06252765655517578  ,                                       ,                                            ,                                      ,                                           ,                                                  ,
91             ,TSP_CITIES_SET_91_N_7.json,CPU                        ,particle_swarm_tsp,                  ,                      ,[]      ,False              ,                       ,                       ,[]         ,            ,PSO_POP_100_ALPHA_0_5_BETA_0_4_NR_ITER_100,"{'suffix': 'PSO_POP_100_ALPHA_0_5_BETA_0_4_NR_ITER_100', 'size_of_population': 100, 'alpha': 0.5, 'beta': 0.4, 'max_iterations': 100}",10.7                                                                                                                                   ,10.7                  ,                      ,10.7                  ,0.04691696166992188  ,                                       ,                                            ,                                      ,                                           ,                                                  ,
92             ,TSP_CITIES_SET_92_N_7.json,CPU                        ,particle_swarm_tsp,                  ,                      ,[]      ,False              ,                       ,                       ,[]         ,            ,PSO_POP_100_ALPHA_0_5_BETA_0_4_NR_ITER_100,"{'suffix': 'PSO_POP_100_ALPHA_0_5_BETA_0_4_NR_ITER_100', 'size_of_population': 100, 'alpha': 0.5, 'beta': 0.4, 'max_iterations': 100}",5.4                                                                                                                                    ,5.4                   ,                      ,5.4                   ,0.053168535232543945 ,                                       ,                                            ,                                      ,                                           ,                                                  ,
93             ,TSP_CITIES_SET_93_N_7.json,CPU                        ,particle_swarm_tsp,                  ,                      ,[]      ,False              ,                       ,                       ,[]         ,            ,PSO_POP_100_ALPHA_0_5_BETA_0_4_NR_ITER_100,"{'suffix': 'PSO_POP_100_ALPHA_0_5_BETA_0_4_NR_ITER_100', 'size_of_population': 100, 'alpha': 0.5, 'beta': 0.4, 'max_iterations': 100}",9.7                                                                                                                                    ,9.7                   ,                      ,9.7                   ,0.062498807907104485 ,                                       ,                                            ,                                      ,                                           ,                                                  ,
94             ,TSP_CITIES_SET_94_N_7.json,CPU                        ,particle_swarm_tsp,                  ,                      ,[]      ,False              ,                       ,                       ,[]         ,            ,PSO_POP_100_ALPHA_0_5_BETA_0_4_NR_ITER_100,"{'suffix': 'PSO_POP_100_ALPHA_0_5_BETA_0_4_NR_ITER_100', 'size_of_population': 100, 'alpha': 0.5, 'beta': 0.4, 'max_iterations': 100}",5.3                                                                                                                                    ,5.3                   ,                      ,5.3                   ,0.046881437301635735 ,                                       ,                                            ,                                      ,                                           ,                                                  ,
95             ,TSP_CITIES_SET_95_N_7.json,CPU                        ,particle_swarm_tsp,                  ,                      ,[]      ,False              ,                       ,                       ,[]         ,            ,PSO_POP_100_ALPHA_0_5_BETA_0_4_NR_ITER_100,"{'suffix': 'PSO_POP_100_ALPHA_0_5_BETA_0_4_NR_ITER_100', 'size_of_population': 100, 'alpha': 0.5, 'beta': 0.4, 'max_iterations': 100}",20.3                                                                                                                                   ,20.3                  ,                      ,20.3                  ,0.07812142372131348  ,                                       ,                                            ,                                      ,                                           ,                                                  ,
96             ,TSP_CITIES_SET_96_N_7.json,CPU                        ,particle_swarm_tsp,                  ,                      ,[]      ,False              ,                       ,                       ,[]         ,            ,PSO_POP_100_ALPHA_0_5_BETA_0_4_NR_ITER_100,"{'suffix': 'PSO_POP_100_ALPHA_0_5_BETA_0_4_NR_ITER_100', 'size_of_population': 100, 'alpha': 0.5, 'beta': 0.4, 'max_iterations': 100}",5.3                                                                                                                                    ,5.3                   ,                      ,5.3                   ,0.04689192771911621  ,                                       ,                                            ,                                      ,                                           ,                                                  ,
97             ,TSP_CITIES_SET_97_N_7.json,CPU                        ,particle_swarm_tsp,                  ,                      ,[]      ,False              ,                       ,                       ,[]         ,            ,PSO_POP_100_ALPHA_0_5_BETA_0_4_NR_ITER_100,"{'suffix': 'PSO_POP_100_ALPHA_0_5_BETA_0_4_NR_ITER_100', 'size_of_population': 100, 'alpha': 0.5, 'beta': 0.4, 'max_iterations': 100}",15.6                                                                                                                                   ,15.6                  ,                      ,15.6                  ,0.06386923789978027  ,                                       ,                                            ,                                      ,                                           ,                                                  ,
98             ,TSP_CITIES_SET_98_N_7.json,CPU                        ,particle_swarm_tsp,                  ,                      ,[]      ,False              ,                       ,                       ,[]         ,            ,PSO_POP_100_ALPHA_0_5_BETA_0_4_NR_ITER_100,"{'suffix': 'PSO_POP_100_ALPHA_0_5_BETA_0_4_NR_ITER_100', 'size_of_population': 100, 'alpha': 0.5, 'beta': 0.4, 'max_iterations': 100}",9.4                                                                                                                                    ,9.4                   ,                      ,9.4                   ,0.07277154922485353  ,                                       ,                                            ,                                      ,                                           ,                                                  ,
99             ,TSP_CITIES_SET_99_N_7.json,CPU                        ,particle_swarm_tsp,                  ,                      ,[]      ,False              ,                       ,                       ,[]         ,            ,PSO_POP_100_ALPHA_0_5_BETA_0_4_NR_ITER_100,"{'suffix': 'PSO_POP_100_ALPHA_0_5_BETA_0_4_NR_ITER_100', 'size_of_population': 100, 'alpha': 0.5, 'beta': 0.4, 'max_iterations': 100}",19.6                                                                                                                                   ,19.6                  ,                      ,19.6                  ,0.07933568954467772  ,                                       ,                                            ,                                      ,                                           ,                                                  ,
0              ,TSP_CITIES_SET_0_N_8.json ,CPU                        ,particle_swarm_tsp,                  ,                      ,[]      ,False              ,                       ,                       ,[]         ,            ,PSO_POP_100_ALPHA_0_5_BETA_0_4_NR_ITER_100,"{'suffix': 'PSO_POP_100_ALPHA_0_5_BETA_0_4_NR_ITER_100', 'size_of_population': 100, 'alpha': 0.5, 'beta': 0.4, 'max_iterations': 100}",19.6                                                                                                                                   ,19.6                  ,                      ,19.6                  ,0.06249690055847167  ,                                       ,                                            ,                                      ,                                           ,                                                  ,
1              ,TSP_CITIES_SET_1_N_8.json ,CPU                        ,particle_swarm_tsp,                  ,                      ,[]      ,False              ,                       ,                       ,[]         ,            ,PSO_POP_100_ALPHA_0_5_BETA_0_4_NR_ITER_100,"{'suffix': 'PSO_POP_100_ALPHA_0_5_BETA_0_4_NR_ITER_100', 'size_of_population': 100, 'alpha': 0.5, 'beta': 0.4, 'max_iterations': 100}",7.1                                                                                                                                    ,7.1                   ,                      ,7.1                   ,0.06253981590270996  ,                                       ,                                            ,                                      ,                                           ,                                                  ,
2              ,TSP_CITIES_SET_2_N_8.json ,CPU                        ,particle_swarm_tsp,                  ,                      ,[]      ,False              ,                       ,                       ,[]         ,            ,PSO_POP_100_ALPHA_0_5_BETA_0_4_NR_ITER_100,"{'suffix': 'PSO_POP_100_ALPHA_0_5_BETA_0_4_NR_ITER_100', 'size_of_population': 100, 'alpha': 0.5, 'beta': 0.4, 'max_iterations': 100}",6.9                                                                                                                                    ,6.9                   ,                      ,6.9                   ,0.06467413902282715  ,                                       ,                                            ,                                      ,                                           ,                                                  ,
3              ,TSP_CITIES_SET_3_N_8.json ,CPU                        ,particle_swarm_tsp,                  ,                      ,[]      ,False              ,                       ,                       ,[]         ,            ,PSO_POP_100_ALPHA_0_5_BETA_0_4_NR_ITER_100,"{'suffix': 'PSO_POP_100_ALPHA_0_5_BETA_0_4_NR_ITER_100', 'size_of_population': 100, 'alpha': 0.5, 'beta': 0.4, 'max_iterations': 100}",18.8                                                                                                                                   ,18.8                  ,                      ,18.8                  ,0.06249690055847167  ,                                       ,                                            ,                                      ,                                           ,                                                  ,
4              ,TSP_CITIES_SET_4_N_8.json ,CPU                        ,particle_swarm_tsp,                  ,                      ,[]      ,False              ,                       ,                       ,[]         ,            ,PSO_POP_100_ALPHA_0_5_BETA_0_4_NR_ITER_100,"{'suffix': 'PSO_POP_100_ALPHA_0_5_BETA_0_4_NR_ITER_100', 'size_of_population': 100, 'alpha': 0.5, 'beta': 0.4, 'max_iterations': 100}",7.1                                                                                                                                    ,7.1                   ,                      ,7.1                   ,0.0625009536743164   ,                                       ,                                            ,                                      ,                                           ,                                                  ,
5              ,TSP_CITIES_SET_5_N_8.json ,CPU                        ,particle_swarm_tsp,                  ,                      ,[]      ,False              ,                       ,                       ,[]         ,            ,PSO_POP_100_ALPHA_0_5_BETA_0_4_NR_ITER_100,"{'suffix': 'PSO_POP_100_ALPHA_0_5_BETA_0_4_NR_ITER_100', 'size_of_population': 100, 'alpha': 0.5, 'beta': 0.4, 'max_iterations': 100}",7.9                                                                                                                                    ,7.9                   ,                      ,7.9                   ,0.07815718650817871  ,                                       ,                                            ,                                      ,                                           ,                                                  ,
6              ,TSP_CITIES_SET_6_N_8.json ,CPU                        ,particle_swarm_tsp,                  ,                      ,[]      ,False              ,                       ,                       ,[]         ,            ,PSO_POP_100_ALPHA_0_5_BETA_0_4_NR_ITER_100,"{'suffix': 'PSO_POP_100_ALPHA_0_5_BETA_0_4_NR_ITER_100', 'size_of_population': 100, 'alpha': 0.5, 'beta': 0.4, 'max_iterations': 100}",21.9                                                                                                                                   ,21.9                  ,                      ,21.9                  ,0.0937209129333496   ,                                       ,                                            ,                                      ,                                           ,                                                  ,
7              ,TSP_CITIES_SET_7_N_8.json ,CPU                        ,particle_swarm_tsp,                  ,                      ,[]      ,False              ,                       ,                       ,[]         ,            ,PSO_POP_100_ALPHA_0_5_BETA_0_4_NR_ITER_100,"{'suffix': 'PSO_POP_100_ALPHA_0_5_BETA_0_4_NR_ITER_100', 'size_of_population': 100, 'alpha': 0.5, 'beta': 0.4, 'max_iterations': 100}",11.3                                                                                                                                   ,11.3                  ,                      ,11.3                  ,0.07812333106994629  ,                                       ,                                            ,                                      ,                                           ,                                                  ,
8              ,TSP_CITIES_SET_8_N_8.json ,CPU                        ,particle_swarm_tsp,                  ,                      ,[]      ,False              ,                       ,                       ,[]         ,            ,PSO_POP_100_ALPHA_0_5_BETA_0_4_NR_ITER_100,"{'suffix': 'PSO_POP_100_ALPHA_0_5_BETA_0_4_NR_ITER_100', 'size_of_population': 100, 'alpha': 0.5, 'beta': 0.4, 'max_iterations': 100}",14.1                                                                                                                                   ,14.1                  ,                      ,14.1                  ,0.09375214576721193  ,                                       ,                                            ,                                      ,                                           ,                                                  ,
9              ,TSP_CITIES_SET_9_N_8.json ,CPU                        ,particle_swarm_tsp,                  ,                      ,[]      ,False              ,                       ,                       ,[]         ,            ,PSO_POP_100_ALPHA_0_5_BETA_0_4_NR_ITER_100,"{'suffix': 'PSO_POP_100_ALPHA_0_5_BETA_0_4_NR_ITER_100', 'size_of_population': 100, 'alpha': 0.5, 'beta': 0.4, 'max_iterations': 100}",20.3                                                                                                                                   ,20.3                  ,                      ,20.3                  ,0.07813906669616699  ,                                       ,                                            ,                                      ,                                           ,                                                  ,
10             ,TSP_CITIES_SET_10_N_8.json,CPU                        ,particle_swarm_tsp,                  ,                      ,[]      ,False              ,                       ,                       ,[]         ,            ,PSO_POP_100_ALPHA_0_5_BETA_0_4_NR_ITER_100,"{'suffix': 'PSO_POP_100_ALPHA_0_5_BETA_0_4_NR_ITER_100', 'size_of_population': 100, 'alpha': 0.5, 'beta': 0.4, 'max_iterations': 100}",7.1                                                                                                                                    ,7.1                   ,                      ,7.1                   ,0.06247019767761231  ,                                       ,                                            ,                                      ,                                           ,                                                  ,
11             ,TSP_CITIES_SET_11_N_8.json,CPU                        ,particle_swarm_tsp,                  ,                      ,[]      ,False              ,                       ,                       ,[]         ,            ,PSO_POP_100_ALPHA_0_5_BETA_0_4_NR_ITER_100,"{'suffix': 'PSO_POP_100_ALPHA_0_5_BETA_0_4_NR_ITER_100', 'size_of_population': 100, 'alpha': 0.5, 'beta': 0.4, 'max_iterations': 100}",7.4                                                                                                                                    ,7.4                   ,                      ,7.4                   ,0.06244325637817383  ,                                       ,                                            ,                                      ,                                           ,                                                  ,
12             ,TSP_CITIES_SET_12_N_8.json,CPU                        ,particle_swarm_tsp,                  ,                      ,[]      ,False              ,                       ,                       ,[]         ,            ,PSO_POP_100_ALPHA_0_5_BETA_0_4_NR_ITER_100,"{'suffix': 'PSO_POP_100_ALPHA_0_5_BETA_0_4_NR_ITER_100', 'size_of_population': 100, 'alpha': 0.5, 'beta': 0.4, 'max_iterations': 100}",21.9                                                                                                                                   ,21.9                  ,                      ,21.9                  ,0.09374642372131348  ,                                       ,                                            ,                                      ,                                           ,                                                  ,
13             ,TSP_CITIES_SET_13_N_8.json,CPU                        ,particle_swarm_tsp,                  ,                      ,[]      ,False              ,                       ,                       ,[]         ,            ,PSO_POP_100_ALPHA_0_5_BETA_0_4_NR_ITER_100,"{'suffix': 'PSO_POP_100_ALPHA_0_5_BETA_0_4_NR_ITER_100', 'size_of_population': 100, 'alpha': 0.5, 'beta': 0.4, 'max_iterations': 100}",8.9                                                                                                                                    ,8.9                   ,                      ,8.9                   ,0.06255149841308594  ,                                       ,                                            ,                                      ,                                           ,                                                  ,
14             ,TSP_CITIES_SET_14_N_8.json,CPU                        ,particle_swarm_tsp,                  ,                      ,[]      ,False              ,                       ,                       ,[]         ,            ,PSO_POP_100_ALPHA_0_5_BETA_0_4_NR_ITER_100,"{'suffix': 'PSO_POP_100_ALPHA_0_5_BETA_0_4_NR_ITER_100', 'size_of_population': 100, 'alpha': 0.5, 'beta': 0.4, 'max_iterations': 100}",12.5                                                                                                                                   ,12.5                  ,                      ,12.5                  ,0.07815837860107422  ,                                       ,                                            ,                                      ,                                           ,                                                  ,
15             ,TSP_CITIES_SET_15_N_8.json,CPU                        ,particle_swarm_tsp,                  ,                      ,[]      ,False              ,                       ,                       ,[]         ,            ,PSO_POP_100_ALPHA_0_5_BETA_0_4_NR_ITER_100,"{'suffix': 'PSO_POP_100_ALPHA_0_5_BETA_0_4_NR_ITER_100', 'size_of_population': 100, 'alpha': 0.5, 'beta': 0.4, 'max_iterations': 100}",7.1                                                                                                                                    ,7.1                   ,                      ,7.1                   ,0.062498807907104485 ,                                       ,                                            ,                                      ,                                           ,                                                  ,
16             ,TSP_CITIES_SET_16_N_8.json,CPU                        ,particle_swarm_tsp,                  ,                      ,[]      ,False              ,                       ,                       ,[]         ,            ,PSO_POP_100_ALPHA_0_5_BETA_0_4_NR_ITER_100,"{'suffix': 'PSO_POP_100_ALPHA_0_5_BETA_0_4_NR_ITER_100', 'size_of_population': 100, 'alpha': 0.5, 'beta': 0.4, 'max_iterations': 100}",23.2                                                                                                                                   ,23.2                  ,                      ,23.2                  ,0.09374260902404784  ,                                       ,                                            ,                                      ,                                           ,                                                  ,
17             ,TSP_CITIES_SET_17_N_8.json,CPU                        ,particle_swarm_tsp,                  ,                      ,[]      ,False              ,                       ,                       ,[]         ,            ,PSO_POP_100_ALPHA_0_5_BETA_0_4_NR_ITER_100,"{'suffix': 'PSO_POP_100_ALPHA_0_5_BETA_0_4_NR_ITER_100', 'size_of_population': 100, 'alpha': 0.5, 'beta': 0.4, 'max_iterations': 100}",13.8                                                                                                                                   ,13.8                  ,                      ,13.8                  ,0.07979488372802734  ,                                       ,                                            ,                                      ,                                           ,                                                  ,
18             ,TSP_CITIES_SET_18_N_8.json,CPU                        ,particle_swarm_tsp,                  ,                      ,[]      ,False              ,                       ,                       ,[]         ,            ,PSO_POP_100_ALPHA_0_5_BETA_0_4_NR_ITER_100,"{'suffix': 'PSO_POP_100_ALPHA_0_5_BETA_0_4_NR_ITER_100', 'size_of_population': 100, 'alpha': 0.5, 'beta': 0.4, 'max_iterations': 100}",8.9                                                                                                                                    ,8.9                   ,                      ,8.9                   ,0.0781242847442627   ,                                       ,                                            ,                                      ,                                           ,                                                  ,
19             ,TSP_CITIES_SET_19_N_8.json,CPU                        ,particle_swarm_tsp,                  ,                      ,[]      ,False              ,                       ,                       ,[]         ,            ,PSO_POP_100_ALPHA_0_5_BETA_0_4_NR_ITER_100,"{'suffix': 'PSO_POP_100_ALPHA_0_5_BETA_0_4_NR_ITER_100', 'size_of_population': 100, 'alpha': 0.5, 'beta': 0.4, 'max_iterations': 100}",23.2                                                                                                                                   ,23.2                  ,                      ,23.2                  ,0.06249833106994629  ,                                       ,                                            ,                                      ,                                           ,                                                  ,
20             ,TSP_CITIES_SET_20_N_8.json,CPU                        ,particle_swarm_tsp,                  ,                      ,[]      ,False              ,                       ,                       ,[]         ,            ,PSO_POP_100_ALPHA_0_5_BETA_0_4_NR_ITER_100,"{'suffix': 'PSO_POP_100_ALPHA_0_5_BETA_0_4_NR_ITER_100', 'size_of_population': 100, 'alpha': 0.5, 'beta': 0.4, 'max_iterations': 100}",7.1                                                                                                                                    ,7.1                   ,                      ,7.1                   ,0.0624997615814209   ,                                       ,                                            ,                                      ,                                           ,                                                  ,
21             ,TSP_CITIES_SET_21_N_8.json,CPU                        ,particle_swarm_tsp,                  ,                      ,[]      ,False              ,                       ,                       ,[]         ,            ,PSO_POP_100_ALPHA_0_5_BETA_0_4_NR_ITER_100,"{'suffix': 'PSO_POP_100_ALPHA_0_5_BETA_0_4_NR_ITER_100', 'size_of_population': 100, 'alpha': 0.5, 'beta': 0.4, 'max_iterations': 100}",10.5                                                                                                                                   ,10.5                  ,                      ,10.5                  ,0.0625455379486084   ,                                       ,                                            ,                                      ,                                           ,                                                  ,
22             ,TSP_CITIES_SET_22_N_8.json,CPU                        ,particle_swarm_tsp,                  ,                      ,[]      ,False              ,                       ,                       ,[]         ,            ,PSO_POP_100_ALPHA_0_5_BETA_0_4_NR_ITER_100,"{'suffix': 'PSO_POP_100_ALPHA_0_5_BETA_0_4_NR_ITER_100', 'size_of_population': 100, 'alpha': 0.5, 'beta': 0.4, 'max_iterations': 100}",18.0                                                                                                                                   ,18.0                  ,                      ,18.0                  ,0.05680513381958008  ,                                       ,                                            ,                                      ,                                           ,                                                  ,
23             ,TSP_CITIES_SET_23_N_8.json,CPU                        ,particle_swarm_tsp,                  ,                      ,[]      ,False              ,                       ,                       ,[]         ,            ,PSO_POP_100_ALPHA_0_5_BETA_0_4_NR_ITER_100,"{'suffix': 'PSO_POP_100_ALPHA_0_5_BETA_0_4_NR_ITER_100', 'size_of_population': 100, 'alpha': 0.5, 'beta': 0.4, 'max_iterations': 100}",9.3                                                                                                                                    ,9.3                   ,                      ,9.3                   ,0.062497377395629876 ,                                       ,                                            ,                                      ,                                           ,                                                  ,
24             ,TSP_CITIES_SET_24_N_8.json,CPU                        ,particle_swarm_tsp,                  ,                      ,[]      ,False              ,                       ,                       ,[]         ,            ,PSO_POP_100_ALPHA_0_5_BETA_0_4_NR_ITER_100,"{'suffix': 'PSO_POP_100_ALPHA_0_5_BETA_0_4_NR_ITER_100', 'size_of_population': 100, 'alpha': 0.5, 'beta': 0.4, 'max_iterations': 100}",6.2                                                                                                                                    ,6.2                   ,                      ,6.2                   ,0.062498807907104485 ,                                       ,                                            ,                                      ,                                           ,                                                  ,
25             ,TSP_CITIES_SET_25_N_8.json,CPU                        ,particle_swarm_tsp,                  ,                      ,[]      ,False              ,                       ,                       ,[]         ,            ,PSO_POP_100_ALPHA_0_5_BETA_0_4_NR_ITER_100,"{'suffix': 'PSO_POP_100_ALPHA_0_5_BETA_0_4_NR_ITER_100', 'size_of_population': 100, 'alpha': 0.5, 'beta': 0.4, 'max_iterations': 100}",19.6                                                                                                                                   ,19.6                  ,                      ,19.6                  ,0.062490224838256836 ,                                       ,                                            ,                                      ,                                           ,                                                  ,
26             ,TSP_CITIES_SET_26_N_8.json,CPU                        ,particle_swarm_tsp,                  ,                      ,[]      ,False              ,                       ,                       ,[]         ,            ,PSO_POP_100_ALPHA_0_5_BETA_0_4_NR_ITER_100,"{'suffix': 'PSO_POP_100_ALPHA_0_5_BETA_0_4_NR_ITER_100', 'size_of_population': 100, 'alpha': 0.5, 'beta': 0.4, 'max_iterations': 100}",7.4                                                                                                                                    ,7.4                   ,                      ,7.4                   ,0.062459468841552734 ,                                       ,                                            ,                                      ,                                           ,                                                  ,
27             ,TSP_CITIES_SET_27_N_8.json,CPU                        ,particle_swarm_tsp,                  ,                      ,[]      ,False              ,                       ,                       ,[]         ,            ,PSO_POP_100_ALPHA_0_5_BETA_0_4_NR_ITER_100,"{'suffix': 'PSO_POP_100_ALPHA_0_5_BETA_0_4_NR_ITER_100', 'size_of_population': 100, 'alpha': 0.5, 'beta': 0.4, 'max_iterations': 100}",8.9                                                                                                                                    ,8.9                   ,                      ,8.9                   ,0.0624845027923584   ,                                       ,                                            ,                                      ,                                           ,                                                  ,
28             ,TSP_CITIES_SET_28_N_8.json,CPU                        ,particle_swarm_tsp,                  ,                      ,[]      ,False              ,                       ,                       ,[]         ,            ,PSO_POP_100_ALPHA_0_5_BETA_0_4_NR_ITER_100,"{'suffix': 'PSO_POP_100_ALPHA_0_5_BETA_0_4_NR_ITER_100', 'size_of_population': 100, 'alpha': 0.5, 'beta': 0.4, 'max_iterations': 100}",19.3                                                                                                                                   ,19.3                  ,                      ,19.3                  ,0.06254100799560547  ,                                       ,                                            ,                                      ,                                           ,                                                  ,
29             ,TSP_CITIES_SET_29_N_8.json,CPU                        ,particle_swarm_tsp,                  ,                      ,[]      ,False              ,                       ,                       ,[]         ,            ,PSO_POP_100_ALPHA_0_5_BETA_0_4_NR_ITER_100,"{'suffix': 'PSO_POP_100_ALPHA_0_5_BETA_0_4_NR_ITER_100', 'size_of_population': 100, 'alpha': 0.5, 'beta': 0.4, 'max_iterations': 100}",7.1                                                                                                                                    ,7.1                   ,                      ,7.1                   ,0.06253981590270996  ,                                       ,                                            ,                                      ,                                           ,                                                  ,
30             ,TSP_CITIES_SET_30_N_8.json,CPU                        ,particle_swarm_tsp,                  ,                      ,[]      ,False              ,                       ,                       ,[]         ,            ,PSO_POP_100_ALPHA_0_5_BETA_0_4_NR_ITER_100,"{'suffix': 'PSO_POP_100_ALPHA_0_5_BETA_0_4_NR_ITER_100', 'size_of_population': 100, 'alpha': 0.5, 'beta': 0.4, 'max_iterations': 100}",7.1                                                                                                                                    ,7.1                   ,                      ,7.1                   ,0.06249713897705076  ,                                       ,                                            ,                                      ,                                           ,                                                  ,
31             ,TSP_CITIES_SET_31_N_8.json,CPU                        ,particle_swarm_tsp,                  ,                      ,[]      ,False              ,                       ,                       ,[]         ,            ,PSO_POP_100_ALPHA_0_5_BETA_0_4_NR_ITER_100,"{'suffix': 'PSO_POP_100_ALPHA_0_5_BETA_0_4_NR_ITER_100', 'size_of_population': 100, 'alpha': 0.5, 'beta': 0.4, 'max_iterations': 100}",7.8                                                                                                                                    ,7.8                   ,                      ,7.8                   ,0.06249451637268065  ,                                       ,                                            ,                                      ,                                           ,                                                  ,
32             ,TSP_CITIES_SET_32_N_8.json,CPU                        ,particle_swarm_tsp,                  ,                      ,[]      ,False              ,                       ,                       ,[]         ,            ,PSO_POP_100_ALPHA_0_5_BETA_0_4_NR_ITER_100,"{'suffix': 'PSO_POP_100_ALPHA_0_5_BETA_0_4_NR_ITER_100', 'size_of_population': 100, 'alpha': 0.5, 'beta': 0.4, 'max_iterations': 100}",8.9                                                                                                                                    ,8.9                   ,                      ,8.9                   ,0.07808470726013184  ,                                       ,                                            ,                                      ,                                           ,                                                  ,
33             ,TSP_CITIES_SET_33_N_8.json,CPU                        ,particle_swarm_tsp,                  ,                      ,[]      ,False              ,                       ,                       ,[]         ,            ,PSO_POP_100_ALPHA_0_5_BETA_0_4_NR_ITER_100,"{'suffix': 'PSO_POP_100_ALPHA_0_5_BETA_0_4_NR_ITER_100', 'size_of_population': 100, 'alpha': 0.5, 'beta': 0.4, 'max_iterations': 100}",8.9                                                                                                                                    ,8.9                   ,                      ,8.9                   ,0.07810711860656737  ,                                       ,                                            ,                                      ,                                           ,                                                  ,
34             ,TSP_CITIES_SET_34_N_8.json,CPU                        ,particle_swarm_tsp,                  ,                      ,[]      ,False              ,                       ,                       ,[]         ,            ,PSO_POP_100_ALPHA_0_5_BETA_0_4_NR_ITER_100,"{'suffix': 'PSO_POP_100_ALPHA_0_5_BETA_0_4_NR_ITER_100', 'size_of_population': 100, 'alpha': 0.5, 'beta': 0.4, 'max_iterations': 100}",5.3                                                                                                                                    ,5.3                   ,                      ,5.3                   ,0.04687309265136719  ,                                       ,                                            ,                                      ,                                           ,                                                  ,
35             ,TSP_CITIES_SET_35_N_8.json,CPU                        ,particle_swarm_tsp,                  ,                      ,[]      ,False              ,                       ,                       ,[]         ,            ,PSO_POP_100_ALPHA_0_5_BETA_0_4_NR_ITER_100,"{'suffix': 'PSO_POP_100_ALPHA_0_5_BETA_0_4_NR_ITER_100', 'size_of_population': 100, 'alpha': 0.5, 'beta': 0.4, 'max_iterations': 100}",6.2                                                                                                                                    ,6.2                   ,                      ,6.2                   ,0.06248807907104492  ,                                       ,                                            ,                                      ,                                           ,                                                  ,
36             ,TSP_CITIES_SET_36_N_8.json,CPU                        ,particle_swarm_tsp,                  ,                      ,[]      ,False              ,                       ,                       ,[]         ,            ,PSO_POP_100_ALPHA_0_5_BETA_0_4_NR_ITER_100,"{'suffix': 'PSO_POP_100_ALPHA_0_5_BETA_0_4_NR_ITER_100', 'size_of_population': 100, 'alpha': 0.5, 'beta': 0.4, 'max_iterations': 100}",7.1                                                                                                                                    ,7.1                   ,                      ,7.1                   ,0.06249380111694336  ,                                       ,                                            ,                                      ,                                           ,                                                  ,
37             ,TSP_CITIES_SET_37_N_8.json,CPU                        ,particle_swarm_tsp,                  ,                      ,[]      ,False              ,                       ,                       ,[]         ,            ,PSO_POP_100_ALPHA_0_5_BETA_0_4_NR_ITER_100,"{'suffix': 'PSO_POP_100_ALPHA_0_5_BETA_0_4_NR_ITER_100', 'size_of_population': 100, 'alpha': 0.5, 'beta': 0.4, 'max_iterations': 100}",52.8                                                                                                                                   ,52.8                  ,                      ,52.8                  ,0.15625357627868652  ,                                       ,                                            ,                                      ,                                           ,                                                  ,
38             ,TSP_CITIES_SET_38_N_8.json,CPU                        ,particle_swarm_tsp,                  ,                      ,[]      ,False              ,                       ,                       ,[]         ,            ,PSO_POP_100_ALPHA_0_5_BETA_0_4_NR_ITER_100,"{'suffix': 'PSO_POP_100_ALPHA_0_5_BETA_0_4_NR_ITER_100', 'size_of_population': 100, 'alpha': 0.5, 'beta': 0.4, 'max_iterations': 100}",8.9                                                                                                                                    ,8.9                   ,                      ,8.9                   ,0.0468745231628418   ,                                       ,                                            ,                                      ,                                           ,                                                  ,
39             ,TSP_CITIES_SET_39_N_8.json,CPU                        ,particle_swarm_tsp,                  ,                      ,[]      ,False              ,                       ,                       ,[]         ,            ,PSO_POP_100_ALPHA_0_5_BETA_0_4_NR_ITER_100,"{'suffix': 'PSO_POP_100_ALPHA_0_5_BETA_0_4_NR_ITER_100', 'size_of_population': 100, 'alpha': 0.5, 'beta': 0.4, 'max_iterations': 100}",7.1                                                                                                                                    ,7.1                   ,                      ,7.1                   ,0.06249761581420898  ,                                       ,                                            ,                                      ,                                           ,                                                  ,
40             ,TSP_CITIES_SET_40_N_8.json,CPU                        ,particle_swarm_tsp,                  ,                      ,[]      ,False              ,                       ,                       ,[]         ,            ,PSO_POP_100_ALPHA_0_5_BETA_0_4_NR_ITER_100,"{'suffix': 'PSO_POP_100_ALPHA_0_5_BETA_0_4_NR_ITER_100', 'size_of_population': 100, 'alpha': 0.5, 'beta': 0.4, 'max_iterations': 100}",19.3                                                                                                                                   ,19.3                  ,                      ,19.3                  ,0.06249761581420898  ,                                       ,                                            ,                                      ,                                           ,                                                  ,
41             ,TSP_CITIES_SET_41_N_8.json,CPU                        ,particle_swarm_tsp,                  ,                      ,[]      ,False              ,                       ,                       ,[]         ,            ,PSO_POP_100_ALPHA_0_5_BETA_0_4_NR_ITER_100,"{'suffix': 'PSO_POP_100_ALPHA_0_5_BETA_0_4_NR_ITER_100', 'size_of_population': 100, 'alpha': 0.5, 'beta': 0.4, 'max_iterations': 100}",12.3                                                                                                                                   ,12.3                  ,                      ,12.3                  ,0.06253623962402344  ,                                       ,                                            ,                                      ,                                           ,                                                  ,
42             ,TSP_CITIES_SET_42_N_8.json,CPU                        ,particle_swarm_tsp,                  ,                      ,[]      ,False              ,                       ,                       ,[]         ,            ,PSO_POP_100_ALPHA_0_5_BETA_0_4_NR_ITER_100,"{'suffix': 'PSO_POP_100_ALPHA_0_5_BETA_0_4_NR_ITER_100', 'size_of_population': 100, 'alpha': 0.5, 'beta': 0.4, 'max_iterations': 100}",32.8                                                                                                                                   ,32.8                  ,                      ,32.8                  ,0.07933759689331055  ,                                       ,                                            ,                                      ,                                           ,                                                  ,
43             ,TSP_CITIES_SET_43_N_8.json,CPU                        ,particle_swarm_tsp,                  ,                      ,[]      ,False              ,                       ,                       ,[]         ,            ,PSO_POP_100_ALPHA_0_5_BETA_0_4_NR_ITER_100,"{'suffix': 'PSO_POP_100_ALPHA_0_5_BETA_0_4_NR_ITER_100', 'size_of_population': 100, 'alpha': 0.5, 'beta': 0.4, 'max_iterations': 100}",17.9                                                                                                                                   ,17.9                  ,                      ,17.9                  ,0.04686999320983887  ,                                       ,                                            ,                                      ,                                           ,                                                  ,
44             ,TSP_CITIES_SET_44_N_8.json,CPU                        ,particle_swarm_tsp,                  ,                      ,[]      ,False              ,                       ,                       ,[]         ,            ,PSO_POP_100_ALPHA_0_5_BETA_0_4_NR_ITER_100,"{'suffix': 'PSO_POP_100_ALPHA_0_5_BETA_0_4_NR_ITER_100', 'size_of_population': 100, 'alpha': 0.5, 'beta': 0.4, 'max_iterations': 100}",7.1                                                                                                                                    ,7.1                   ,                      ,7.1                   ,0.06249594688415527  ,                                       ,                                            ,                                      ,                                           ,                                                  ,
45             ,TSP_CITIES_SET_45_N_8.json,CPU                        ,particle_swarm_tsp,                  ,                      ,[]      ,False              ,                       ,                       ,[]         ,            ,PSO_POP_100_ALPHA_0_5_BETA_0_4_NR_ITER_100,"{'suffix': 'PSO_POP_100_ALPHA_0_5_BETA_0_4_NR_ITER_100', 'size_of_population': 100, 'alpha': 0.5, 'beta': 0.4, 'max_iterations': 100}",9.5                                                                                                                                    ,9.5                   ,                      ,9.5                   ,0.07810735702514647  ,                                       ,                                            ,                                      ,                                           ,                                                  ,
46             ,TSP_CITIES_SET_46_N_8.json,CPU                        ,particle_swarm_tsp,                  ,                      ,[]      ,False              ,                       ,                       ,[]         ,            ,PSO_POP_100_ALPHA_0_5_BETA_0_4_NR_ITER_100,"{'suffix': 'PSO_POP_100_ALPHA_0_5_BETA_0_4_NR_ITER_100', 'size_of_population': 100, 'alpha': 0.5, 'beta': 0.4, 'max_iterations': 100}",19.6                                                                                                                                   ,19.6                  ,                      ,19.6                  ,0.06251692771911621  ,                                       ,                                            ,                                      ,                                           ,                                                  ,
47             ,TSP_CITIES_SET_47_N_8.json,CPU                        ,particle_swarm_tsp,                  ,                      ,[]      ,False              ,                       ,                       ,[]         ,            ,PSO_POP_100_ALPHA_0_5_BETA_0_4_NR_ITER_100,"{'suffix': 'PSO_POP_100_ALPHA_0_5_BETA_0_4_NR_ITER_100', 'size_of_population': 100, 'alpha': 0.5, 'beta': 0.4, 'max_iterations': 100}",5.7                                                                                                                                    ,5.7                   ,                      ,5.7                   ,0.0468747615814209   ,                                       ,                                            ,                                      ,                                           ,                                                  ,
48             ,TSP_CITIES_SET_48_N_8.json,CPU                        ,particle_swarm_tsp,                  ,                      ,[]      ,False              ,                       ,                       ,[]         ,            ,PSO_POP_100_ALPHA_0_5_BETA_0_4_NR_ITER_100,"{'suffix': 'PSO_POP_100_ALPHA_0_5_BETA_0_4_NR_ITER_100', 'size_of_population': 100, 'alpha': 0.5, 'beta': 0.4, 'max_iterations': 100}",6.2                                                                                                                                    ,6.2                   ,                      ,6.2                   ,0.06248712539672852  ,                                       ,                                            ,                                      ,                                           ,                                                  ,
49             ,TSP_CITIES_SET_49_N_8.json,CPU                        ,particle_swarm_tsp,                  ,                      ,[]      ,False              ,                       ,                       ,[]         ,            ,PSO_POP_100_ALPHA_0_5_BETA_0_4_NR_ITER_100,"{'suffix': 'PSO_POP_100_ALPHA_0_5_BETA_0_4_NR_ITER_100', 'size_of_population': 100, 'alpha': 0.5, 'beta': 0.4, 'max_iterations': 100}",16.1                                                                                                                                   ,16.1                  ,                      ,16.1                  ,0.06250166893005371  ,                                       ,                                            ,                                      ,                                           ,                                                  ,
50             ,TSP_CITIES_SET_50_N_8.json,CPU                        ,particle_swarm_tsp,                  ,                      ,[]      ,False              ,                       ,                       ,[]         ,            ,PSO_POP_100_ALPHA_0_5_BETA_0_4_NR_ITER_100,"{'suffix': 'PSO_POP_100_ALPHA_0_5_BETA_0_4_NR_ITER_100', 'size_of_population': 100, 'alpha': 0.5, 'beta': 0.4, 'max_iterations': 100}",7.1                                                                                                                                    ,7.1                   ,                      ,7.1                   ,0.06387686729431152  ,                                       ,                                            ,                                      ,                                           ,                                                  ,
51             ,TSP_CITIES_SET_51_N_8.json,CPU                        ,particle_swarm_tsp,                  ,                      ,[]      ,False              ,                       ,                       ,[]         ,            ,PSO_POP_100_ALPHA_0_5_BETA_0_4_NR_ITER_100,"{'suffix': 'PSO_POP_100_ALPHA_0_5_BETA_0_4_NR_ITER_100', 'size_of_population': 100, 'alpha': 0.5, 'beta': 0.4, 'max_iterations': 100}",9.7                                                                                                                                    ,9.7                   ,                      ,9.7                   ,0.0959010124206543   ,                                       ,                                            ,                                      ,                                           ,                                                  ,
52             ,TSP_CITIES_SET_52_N_8.json,CPU                        ,particle_swarm_tsp,                  ,                      ,[]      ,False              ,                       ,                       ,[]         ,            ,PSO_POP_100_ALPHA_0_5_BETA_0_4_NR_ITER_100,"{'suffix': 'PSO_POP_100_ALPHA_0_5_BETA_0_4_NR_ITER_100', 'size_of_population': 100, 'alpha': 0.5, 'beta': 0.4, 'max_iterations': 100}",21.9                                                                                                                                   ,21.9                  ,                      ,21.9                  ,0.09370827674865724  ,                                       ,                                            ,                                      ,                                           ,                                                  ,
53             ,TSP_CITIES_SET_53_N_8.json,CPU                        ,particle_swarm_tsp,                  ,                      ,[]      ,False              ,                       ,                       ,[]         ,            ,PSO_POP_100_ALPHA_0_5_BETA_0_4_NR_ITER_100,"{'suffix': 'PSO_POP_100_ALPHA_0_5_BETA_0_4_NR_ITER_100', 'size_of_population': 100, 'alpha': 0.5, 'beta': 0.4, 'max_iterations': 100}",5.4                                                                                                                                    ,5.4                   ,                      ,5.4                   ,0.04686903953552246  ,                                       ,                                            ,                                      ,                                           ,                                                  ,
54             ,TSP_CITIES_SET_54_N_8.json,CPU                        ,particle_swarm_tsp,                  ,                      ,[]      ,False              ,                       ,                       ,[]         ,            ,PSO_POP_100_ALPHA_0_5_BETA_0_4_NR_ITER_100,"{'suffix': 'PSO_POP_100_ALPHA_0_5_BETA_0_4_NR_ITER_100', 'size_of_population': 100, 'alpha': 0.5, 'beta': 0.4, 'max_iterations': 100}",5.4                                                                                                                                    ,5.4                   ,                      ,5.4                   ,0.046875953674316406 ,                                       ,                                            ,                                      ,                                           ,                                                  ,
55             ,TSP_CITIES_SET_55_N_8.json,CPU                        ,particle_swarm_tsp,                  ,                      ,[]      ,False              ,                       ,                       ,[]         ,            ,PSO_POP_100_ALPHA_0_5_BETA_0_4_NR_ITER_100,"{'suffix': 'PSO_POP_100_ALPHA_0_5_BETA_0_4_NR_ITER_100', 'size_of_population': 100, 'alpha': 0.5, 'beta': 0.4, 'max_iterations': 100}",21.9                                                                                                                                   ,21.9                  ,                      ,21.9                  ,0.0937364101409912   ,                                       ,                                            ,                                      ,                                           ,                                                  ,
56             ,TSP_CITIES_SET_56_N_8.json,CPU                        ,particle_swarm_tsp,                  ,                      ,[]      ,False              ,                       ,                       ,[]         ,            ,PSO_POP_100_ALPHA_0_5_BETA_0_4_NR_ITER_100,"{'suffix': 'PSO_POP_100_ALPHA_0_5_BETA_0_4_NR_ITER_100', 'size_of_population': 100, 'alpha': 0.5, 'beta': 0.4, 'max_iterations': 100}",11.1                                                                                                                                   ,11.1                  ,                      ,11.1                  ,0.07811784744262695  ,                                       ,                                            ,                                      ,                                           ,                                                  ,
57             ,TSP_CITIES_SET_57_N_8.json,CPU                        ,particle_swarm_tsp,                  ,                      ,[]      ,False              ,                       ,                       ,[]         ,            ,PSO_POP_100_ALPHA_0_5_BETA_0_4_NR_ITER_100,"{'suffix': 'PSO_POP_100_ALPHA_0_5_BETA_0_4_NR_ITER_100', 'size_of_population': 100, 'alpha': 0.5, 'beta': 0.4, 'max_iterations': 100}",7.1                                                                                                                                    ,7.1                   ,                      ,7.1                   ,0.062497854232788086 ,                                       ,                                            ,                                      ,                                           ,                                                  ,
58             ,TSP_CITIES_SET_58_N_8.json,CPU                        ,particle_swarm_tsp,                  ,                      ,[]      ,False              ,                       ,                       ,[]         ,            ,PSO_POP_100_ALPHA_0_5_BETA_0_4_NR_ITER_100,"{'suffix': 'PSO_POP_100_ALPHA_0_5_BETA_0_4_NR_ITER_100', 'size_of_population': 100, 'alpha': 0.5, 'beta': 0.4, 'max_iterations': 100}",21.5                                                                                                                                   ,21.5                  ,                      ,21.5                  ,0.09374547004699707  ,                                       ,                                            ,                                      ,                                           ,                                                  ,
59             ,TSP_CITIES_SET_59_N_8.json,CPU                        ,particle_swarm_tsp,                  ,                      ,[]      ,False              ,                       ,                       ,[]         ,            ,PSO_POP_100_ALPHA_0_5_BETA_0_4_NR_ITER_100,"{'suffix': 'PSO_POP_100_ALPHA_0_5_BETA_0_4_NR_ITER_100', 'size_of_population': 100, 'alpha': 0.5, 'beta': 0.4, 'max_iterations': 100}",32.1                                                                                                                                   ,32.1                  ,                      ,32.1                  ,0.0625009536743164   ,                                       ,                                            ,                                      ,                                           ,                                                  ,
60             ,TSP_CITIES_SET_60_N_8.json,CPU                        ,particle_swarm_tsp,                  ,                      ,[]      ,False              ,                       ,                       ,[]         ,            ,PSO_POP_100_ALPHA_0_5_BETA_0_4_NR_ITER_100,"{'suffix': 'PSO_POP_100_ALPHA_0_5_BETA_0_4_NR_ITER_100', 'size_of_population': 100, 'alpha': 0.5, 'beta': 0.4, 'max_iterations': 100}",7.1                                                                                                                                    ,7.1                   ,                      ,7.1                   ,0.06250452995300293  ,                                       ,                                            ,                                      ,                                           ,                                                  ,
61             ,TSP_CITIES_SET_61_N_8.json,CPU                        ,particle_swarm_tsp,                  ,                      ,[]      ,False              ,                       ,                       ,[]         ,            ,PSO_POP_100_ALPHA_0_5_BETA_0_4_NR_ITER_100,"{'suffix': 'PSO_POP_100_ALPHA_0_5_BETA_0_4_NR_ITER_100', 'size_of_population': 100, 'alpha': 0.5, 'beta': 0.4, 'max_iterations': 100}",8.9                                                                                                                                    ,8.9                   ,                      ,8.9                   ,0.0624992847442627   ,                                       ,                                            ,                                      ,                                           ,                                                  ,
62             ,TSP_CITIES_SET_62_N_8.json,CPU                        ,particle_swarm_tsp,                  ,                      ,[]      ,False              ,                       ,                       ,[]         ,            ,PSO_POP_100_ALPHA_0_5_BETA_0_4_NR_ITER_100,"{'suffix': 'PSO_POP_100_ALPHA_0_5_BETA_0_4_NR_ITER_100', 'size_of_population': 100, 'alpha': 0.5, 'beta': 0.4, 'max_iterations': 100}",7.1                                                                                                                                    ,7.1                   ,                      ,7.1                   ,0.0624842643737793   ,                                       ,                                            ,                                      ,                                           ,                                                  ,
63             ,TSP_CITIES_SET_63_N_8.json,CPU                        ,particle_swarm_tsp,                  ,                      ,[]      ,False              ,                       ,                       ,[]         ,            ,PSO_POP_100_ALPHA_0_5_BETA_0_4_NR_ITER_100,"{'suffix': 'PSO_POP_100_ALPHA_0_5_BETA_0_4_NR_ITER_100', 'size_of_population': 100, 'alpha': 0.5, 'beta': 0.4, 'max_iterations': 100}",7.7                                                                                                                                    ,7.7                   ,                      ,7.7                   ,0.062497377395629876 ,                                       ,                                            ,                                      ,                                           ,                                                  ,
64             ,TSP_CITIES_SET_64_N_8.json,CPU                        ,particle_swarm_tsp,                  ,                      ,[]      ,False              ,                       ,                       ,[]         ,            ,PSO_POP_100_ALPHA_0_5_BETA_0_4_NR_ITER_100,"{'suffix': 'PSO_POP_100_ALPHA_0_5_BETA_0_4_NR_ITER_100', 'size_of_population': 100, 'alpha': 0.5, 'beta': 0.4, 'max_iterations': 100}",9.4                                                                                                                                    ,9.4                   ,                      ,9.4                   ,0.0937490463256836   ,                                       ,                                            ,                                      ,                                           ,                                                  ,
65             ,TSP_CITIES_SET_65_N_8.json,CPU                        ,particle_swarm_tsp,                  ,                      ,[]      ,False              ,                       ,                       ,[]         ,            ,PSO_POP_100_ALPHA_0_5_BETA_0_4_NR_ITER_100,"{'suffix': 'PSO_POP_100_ALPHA_0_5_BETA_0_4_NR_ITER_100', 'size_of_population': 100, 'alpha': 0.5, 'beta': 0.4, 'max_iterations': 100}",7.4                                                                                                                                    ,7.4                   ,                      ,7.4                   ,0.06250381469726562  ,                                       ,                                            ,                                      ,                                           ,                                                  ,
66             ,TSP_CITIES_SET_66_N_8.json,CPU                        ,particle_swarm_tsp,                  ,                      ,[]      ,False              ,                       ,                       ,[]         ,            ,PSO_POP_100_ALPHA_0_5_BETA_0_4_NR_ITER_100,"{'suffix': 'PSO_POP_100_ALPHA_0_5_BETA_0_4_NR_ITER_100', 'size_of_population': 100, 'alpha': 0.5, 'beta': 0.4, 'max_iterations': 100}",21.4                                                                                                                                   ,21.4                  ,                      ,21.4                  ,0.06249332427978516  ,                                       ,                                            ,                                      ,                                           ,                                                  ,
67             ,TSP_CITIES_SET_67_N_8.json,CPU                        ,particle_swarm_tsp,                  ,                      ,[]      ,False              ,                       ,                       ,[]         ,            ,PSO_POP_100_ALPHA_0_5_BETA_0_4_NR_ITER_100,"{'suffix': 'PSO_POP_100_ALPHA_0_5_BETA_0_4_NR_ITER_100', 'size_of_population': 100, 'alpha': 0.5, 'beta': 0.4, 'max_iterations': 100}",7.1                                                                                                                                    ,7.1                   ,                      ,7.1                   ,0.062497377395629876 ,                                       ,                                            ,                                      ,                                           ,                                                  ,
68             ,TSP_CITIES_SET_68_N_8.json,CPU                        ,particle_swarm_tsp,                  ,                      ,[]      ,False              ,                       ,                       ,[]         ,            ,PSO_POP_100_ALPHA_0_5_BETA_0_4_NR_ITER_100,"{'suffix': 'PSO_POP_100_ALPHA_0_5_BETA_0_4_NR_ITER_100', 'size_of_population': 100, 'alpha': 0.5, 'beta': 0.4, 'max_iterations': 100}",7.8                                                                                                                                    ,7.8                   ,                      ,7.8                   ,0.07812309265136719  ,                                       ,                                            ,                                      ,                                           ,                                                  ,
69             ,TSP_CITIES_SET_69_N_8.json,CPU                        ,particle_swarm_tsp,                  ,                      ,[]      ,False              ,                       ,                       ,[]         ,            ,PSO_POP_100_ALPHA_0_5_BETA_0_4_NR_ITER_100,"{'suffix': 'PSO_POP_100_ALPHA_0_5_BETA_0_4_NR_ITER_100', 'size_of_population': 100, 'alpha': 0.5, 'beta': 0.4, 'max_iterations': 100}",6.3                                                                                                                                    ,6.3                   ,                      ,6.3                   ,0.062483549118041985 ,                                       ,                                            ,                                      ,                                           ,                                                  ,
70             ,TSP_CITIES_SET_70_N_8.json,CPU                        ,particle_swarm_tsp,                  ,                      ,[]      ,False              ,                       ,                       ,[]         ,            ,PSO_POP_100_ALPHA_0_5_BETA_0_4_NR_ITER_100,"{'suffix': 'PSO_POP_100_ALPHA_0_5_BETA_0_4_NR_ITER_100', 'size_of_population': 100, 'alpha': 0.5, 'beta': 0.4, 'max_iterations': 100}",6.2                                                                                                                                    ,6.2                   ,                      ,6.2                   ,0.06249570846557617  ,                                       ,                                            ,                                      ,                                           ,                                                  ,
71             ,TSP_CITIES_SET_71_N_8.json,CPU                        ,particle_swarm_tsp,                  ,                      ,[]      ,False              ,                       ,                       ,[]         ,            ,PSO_POP_100_ALPHA_0_5_BETA_0_4_NR_ITER_100,"{'suffix': 'PSO_POP_100_ALPHA_0_5_BETA_0_4_NR_ITER_100', 'size_of_population': 100, 'alpha': 0.5, 'beta': 0.4, 'max_iterations': 100}",10.7                                                                                                                                   ,10.7                  ,                      ,10.7                  ,0.07935547828674316  ,                                       ,                                            ,                                      ,                                           ,                                                  ,
72             ,TSP_CITIES_SET_72_N_8.json,CPU                        ,particle_swarm_tsp,                  ,                      ,[]      ,False              ,                       ,                       ,[]         ,            ,PSO_POP_100_ALPHA_0_5_BETA_0_4_NR_ITER_100,"{'suffix': 'PSO_POP_100_ALPHA_0_5_BETA_0_4_NR_ITER_100', 'size_of_population': 100, 'alpha': 0.5, 'beta': 0.4, 'max_iterations': 100}",6.2                                                                                                                                    ,6.2                   ,                      ,6.2                   ,0.06253981590270996  ,                                       ,                                            ,                                      ,                                           ,                                                  ,
73             ,TSP_CITIES_SET_73_N_8.json,CPU                        ,particle_swarm_tsp,                  ,                      ,[]      ,False              ,                       ,                       ,[]         ,            ,PSO_POP_100_ALPHA_0_5_BETA_0_4_NR_ITER_100,"{'suffix': 'PSO_POP_100_ALPHA_0_5_BETA_0_4_NR_ITER_100', 'size_of_population': 100, 'alpha': 0.5, 'beta': 0.4, 'max_iterations': 100}",6.2                                                                                                                                    ,6.2                   ,                      ,6.2                   ,0.06251406669616699  ,                                       ,                                            ,                                      ,                                           ,                                                  ,
74             ,TSP_CITIES_SET_74_N_8.json,CPU                        ,particle_swarm_tsp,                  ,                      ,[]      ,False              ,                       ,                       ,[]         ,            ,PSO_POP_100_ALPHA_0_5_BETA_0_4_NR_ITER_100,"{'suffix': 'PSO_POP_100_ALPHA_0_5_BETA_0_4_NR_ITER_100', 'size_of_population': 100, 'alpha': 0.5, 'beta': 0.4, 'max_iterations': 100}",6.2                                                                                                                                    ,6.2                   ,                      ,6.2                   ,0.06249690055847167  ,                                       ,                                            ,                                      ,                                           ,                                                  ,
75             ,TSP_CITIES_SET_75_N_8.json,CPU                        ,particle_swarm_tsp,                  ,                      ,[]      ,False              ,                       ,                       ,[]         ,            ,PSO_POP_100_ALPHA_0_5_BETA_0_4_NR_ITER_100,"{'suffix': 'PSO_POP_100_ALPHA_0_5_BETA_0_4_NR_ITER_100', 'size_of_population': 100, 'alpha': 0.5, 'beta': 0.4, 'max_iterations': 100}",17.5                                                                                                                                   ,17.5                  ,                      ,17.5                  ,0.06249809265136719  ,                                       ,                                            ,                                      ,                                           ,                                                  ,
76             ,TSP_CITIES_SET_76_N_8.json,CPU                        ,particle_swarm_tsp,                  ,                      ,[]      ,False              ,                       ,                       ,[]         ,            ,PSO_POP_100_ALPHA_0_5_BETA_0_4_NR_ITER_100,"{'suffix': 'PSO_POP_100_ALPHA_0_5_BETA_0_4_NR_ITER_100', 'size_of_population': 100, 'alpha': 0.5, 'beta': 0.4, 'max_iterations': 100}",12.5                                                                                                                                   ,12.5                  ,                      ,12.5                  ,0.07810711860656737  ,                                       ,                                            ,                                      ,                                           ,                                                  ,
77             ,TSP_CITIES_SET_77_N_8.json,CPU                        ,particle_swarm_tsp,                  ,                      ,[]      ,False              ,                       ,                       ,[]         ,            ,PSO_POP_100_ALPHA_0_5_BETA_0_4_NR_ITER_100,"{'suffix': 'PSO_POP_100_ALPHA_0_5_BETA_0_4_NR_ITER_100', 'size_of_population': 100, 'alpha': 0.5, 'beta': 0.4, 'max_iterations': 100}",19.3                                                                                                                                   ,19.3                  ,                      ,19.3                  ,0.046909570693969734 ,                                       ,                                            ,                                      ,                                           ,                                                  ,
78             ,TSP_CITIES_SET_78_N_8.json,CPU                        ,particle_swarm_tsp,                  ,                      ,[]      ,False              ,                       ,                       ,[]         ,            ,PSO_POP_100_ALPHA_0_5_BETA_0_4_NR_ITER_100,"{'suffix': 'PSO_POP_100_ALPHA_0_5_BETA_0_4_NR_ITER_100', 'size_of_population': 100, 'alpha': 0.5, 'beta': 0.4, 'max_iterations': 100}",10.5                                                                                                                                   ,10.5                  ,                      ,10.5                  ,0.09374880790710448  ,                                       ,                                            ,                                      ,                                           ,                                                  ,
79             ,TSP_CITIES_SET_79_N_8.json,CPU                        ,particle_swarm_tsp,                  ,                      ,[]      ,False              ,                       ,                       ,[]         ,            ,PSO_POP_100_ALPHA_0_5_BETA_0_4_NR_ITER_100,"{'suffix': 'PSO_POP_100_ALPHA_0_5_BETA_0_4_NR_ITER_100', 'size_of_population': 100, 'alpha': 0.5, 'beta': 0.4, 'max_iterations': 100}",13.6                                                                                                                                   ,13.6                  ,                      ,13.6                  ,0.0625004768371582   ,                                       ,                                            ,                                      ,                                           ,                                                  ,
80             ,TSP_CITIES_SET_80_N_8.json,CPU                        ,particle_swarm_tsp,                  ,                      ,[]      ,False              ,                       ,                       ,[]         ,            ,PSO_POP_100_ALPHA_0_5_BETA_0_4_NR_ITER_100,"{'suffix': 'PSO_POP_100_ALPHA_0_5_BETA_0_4_NR_ITER_100', 'size_of_population': 100, 'alpha': 0.5, 'beta': 0.4, 'max_iterations': 100}",21.9                                                                                                                                   ,21.9                  ,                      ,21.9                  ,0.07811880111694336  ,                                       ,                                            ,                                      ,                                           ,                                                  ,
81             ,TSP_CITIES_SET_81_N_8.json,CPU                        ,particle_swarm_tsp,                  ,                      ,[]      ,False              ,                       ,                       ,[]         ,            ,PSO_POP_100_ALPHA_0_5_BETA_0_4_NR_ITER_100,"{'suffix': 'PSO_POP_100_ALPHA_0_5_BETA_0_4_NR_ITER_100', 'size_of_population': 100, 'alpha': 0.5, 'beta': 0.4, 'max_iterations': 100}",8.9                                                                                                                                    ,8.9                   ,                      ,8.9                   ,0.046853065490722656 ,                                       ,                                            ,                                      ,                                           ,                                                  ,
82             ,TSP_CITIES_SET_82_N_8.json,CPU                        ,particle_swarm_tsp,                  ,                      ,[]      ,False              ,                       ,                       ,[]         ,            ,PSO_POP_100_ALPHA_0_5_BETA_0_4_NR_ITER_100,"{'suffix': 'PSO_POP_100_ALPHA_0_5_BETA_0_4_NR_ITER_100', 'size_of_population': 100, 'alpha': 0.5, 'beta': 0.4, 'max_iterations': 100}",7.8                                                                                                                                    ,7.8                   ,                      ,7.8                   ,0.0625762939453125   ,                                       ,                                            ,                                      ,                                           ,                                                  ,
83             ,TSP_CITIES_SET_83_N_8.json,CPU                        ,particle_swarm_tsp,                  ,                      ,[]      ,False              ,                       ,                       ,[]         ,            ,PSO_POP_100_ALPHA_0_5_BETA_0_4_NR_ITER_100,"{'suffix': 'PSO_POP_100_ALPHA_0_5_BETA_0_4_NR_ITER_100', 'size_of_population': 100, 'alpha': 0.5, 'beta': 0.4, 'max_iterations': 100}",13.0                                                                                                                                   ,13.0                  ,                      ,13.0                  ,0.07812213897705078  ,                                       ,                                            ,                                      ,                                           ,                                                  ,
84             ,TSP_CITIES_SET_84_N_8.json,CPU                        ,particle_swarm_tsp,                  ,                      ,[]      ,False              ,                       ,                       ,[]         ,            ,PSO_POP_100_ALPHA_0_5_BETA_0_4_NR_ITER_100,"{'suffix': 'PSO_POP_100_ALPHA_0_5_BETA_0_4_NR_ITER_100', 'size_of_population': 100, 'alpha': 0.5, 'beta': 0.4, 'max_iterations': 100}",21.9                                                                                                                                   ,21.9                  ,                      ,21.9                  ,0.09379220008850098  ,                                       ,                                            ,                                      ,                                           ,                                                  ,
85             ,TSP_CITIES_SET_85_N_8.json,CPU                        ,particle_swarm_tsp,                  ,                      ,[]      ,False              ,                       ,                       ,[]         ,            ,PSO_POP_100_ALPHA_0_5_BETA_0_4_NR_ITER_100,"{'suffix': 'PSO_POP_100_ALPHA_0_5_BETA_0_4_NR_ITER_100', 'size_of_population': 100, 'alpha': 0.5, 'beta': 0.4, 'max_iterations': 100}",7.1                                                                                                                                    ,7.1                   ,                      ,7.1                   ,0.05767679214477539  ,                                       ,                                            ,                                      ,                                           ,                                                  ,
86             ,TSP_CITIES_SET_86_N_8.json,CPU                        ,particle_swarm_tsp,                  ,                      ,[]      ,False              ,                       ,                       ,[]         ,            ,PSO_POP_100_ALPHA_0_5_BETA_0_4_NR_ITER_100,"{'suffix': 'PSO_POP_100_ALPHA_0_5_BETA_0_4_NR_ITER_100', 'size_of_population': 100, 'alpha': 0.5, 'beta': 0.4, 'max_iterations': 100}",5.4                                                                                                                                    ,5.4                   ,                      ,5.4                   ,0.04687237739562988  ,                                       ,                                            ,                                      ,                                           ,                                                  ,
87             ,TSP_CITIES_SET_87_N_8.json,CPU                        ,particle_swarm_tsp,                  ,                      ,[]      ,False              ,                       ,                       ,[]         ,            ,PSO_POP_100_ALPHA_0_5_BETA_0_4_NR_ITER_100,"{'suffix': 'PSO_POP_100_ALPHA_0_5_BETA_0_4_NR_ITER_100', 'size_of_population': 100, 'alpha': 0.5, 'beta': 0.4, 'max_iterations': 100}",20.3                                                                                                                                   ,20.3                  ,                      ,20.3                  ,0.0781247615814209   ,                                       ,                                            ,                                      ,                                           ,                                                  ,
88             ,TSP_CITIES_SET_88_N_8.json,CPU                        ,particle_swarm_tsp,                  ,                      ,[]      ,False              ,                       ,                       ,[]         ,            ,PSO_POP_100_ALPHA_0_5_BETA_0_4_NR_ITER_100,"{'suffix': 'PSO_POP_100_ALPHA_0_5_BETA_0_4_NR_ITER_100', 'size_of_population': 100, 'alpha': 0.5, 'beta': 0.4, 'max_iterations': 100}",16.1                                                                                                                                   ,16.1                  ,                      ,16.1                  ,0.06246590614318848  ,                                       ,                                            ,                                      ,                                           ,                                                  ,
89             ,TSP_CITIES_SET_89_N_8.json,CPU                        ,particle_swarm_tsp,                  ,                      ,[]      ,False              ,                       ,                       ,[]         ,            ,PSO_POP_100_ALPHA_0_5_BETA_0_4_NR_ITER_100,"{'suffix': 'PSO_POP_100_ALPHA_0_5_BETA_0_4_NR_ITER_100', 'size_of_population': 100, 'alpha': 0.5, 'beta': 0.4, 'max_iterations': 100}",7.1                                                                                                                                    ,7.1                   ,                      ,7.1                   ,0.062495231628417976 ,                                       ,                                            ,                                      ,                                           ,                                                  ,
90             ,TSP_CITIES_SET_90_N_8.json,CPU                        ,particle_swarm_tsp,                  ,                      ,[]      ,False              ,                       ,                       ,[]         ,            ,PSO_POP_100_ALPHA_0_5_BETA_0_4_NR_ITER_100,"{'suffix': 'PSO_POP_100_ALPHA_0_5_BETA_0_4_NR_ITER_100', 'size_of_population': 100, 'alpha': 0.5, 'beta': 0.4, 'max_iterations': 100}",10.9                                                                                                                                   ,10.9                  ,                      ,10.9                  ,0.10940790176391604  ,                                       ,                                            ,                                      ,                                           ,                                                  ,
91             ,TSP_CITIES_SET_91_N_8.json,CPU                        ,particle_swarm_tsp,                  ,                      ,[]      ,False              ,                       ,                       ,[]         ,            ,PSO_POP_100_ALPHA_0_5_BETA_0_4_NR_ITER_100,"{'suffix': 'PSO_POP_100_ALPHA_0_5_BETA_0_4_NR_ITER_100', 'size_of_population': 100, 'alpha': 0.5, 'beta': 0.4, 'max_iterations': 100}",21.4                                                                                                                                   ,21.4                  ,                      ,21.4                  ,0.06249761581420898  ,                                       ,                                            ,                                      ,                                           ,                                                  ,
92             ,TSP_CITIES_SET_92_N_8.json,CPU                        ,particle_swarm_tsp,                  ,                      ,[]      ,False              ,                       ,                       ,[]         ,            ,PSO_POP_100_ALPHA_0_5_BETA_0_4_NR_ITER_100,"{'suffix': 'PSO_POP_100_ALPHA_0_5_BETA_0_4_NR_ITER_100', 'size_of_population': 100, 'alpha': 0.5, 'beta': 0.4, 'max_iterations': 100}",9.1                                                                                                                                    ,9.1                   ,                      ,9.1                   ,0.0794680118560791   ,                                       ,                                            ,                                      ,                                           ,                                                  ,
93             ,TSP_CITIES_SET_93_N_8.json,CPU                        ,particle_swarm_tsp,                  ,                      ,[]      ,False              ,                       ,                       ,[]         ,            ,PSO_POP_100_ALPHA_0_5_BETA_0_4_NR_ITER_100,"{'suffix': 'PSO_POP_100_ALPHA_0_5_BETA_0_4_NR_ITER_100', 'size_of_population': 100, 'alpha': 0.5, 'beta': 0.4, 'max_iterations': 100}",7.1                                                                                                                                    ,7.1                   ,                      ,7.1                   ,0.06249642372131348  ,                                       ,                                            ,                                      ,                                           ,                                                  ,
94             ,TSP_CITIES_SET_94_N_8.json,CPU                        ,particle_swarm_tsp,                  ,                      ,[]      ,False              ,                       ,                       ,[]         ,            ,PSO_POP_100_ALPHA_0_5_BETA_0_4_NR_ITER_100,"{'suffix': 'PSO_POP_100_ALPHA_0_5_BETA_0_4_NR_ITER_100', 'size_of_population': 100, 'alpha': 0.5, 'beta': 0.4, 'max_iterations': 100}",9.3                                                                                                                                    ,9.3                   ,                      ,9.3                   ,0.06248235702514648  ,                                       ,                                            ,                                      ,                                           ,                                                  ,
95             ,TSP_CITIES_SET_95_N_8.json,CPU                        ,particle_swarm_tsp,                  ,                      ,[]      ,False              ,                       ,                       ,[]         ,            ,PSO_POP_100_ALPHA_0_5_BETA_0_4_NR_ITER_100,"{'suffix': 'PSO_POP_100_ALPHA_0_5_BETA_0_4_NR_ITER_100', 'size_of_population': 100, 'alpha': 0.5, 'beta': 0.4, 'max_iterations': 100}",19.6                                                                                                                                   ,19.6                  ,                      ,19.6                  ,0.06249666213989258  ,                                       ,                                            ,                                      ,                                           ,                                                  ,
96             ,TSP_CITIES_SET_96_N_8.json,CPU                        ,particle_swarm_tsp,                  ,                      ,[]      ,False              ,                       ,                       ,[]         ,            ,PSO_POP_100_ALPHA_0_5_BETA_0_4_NR_ITER_100,"{'suffix': 'PSO_POP_100_ALPHA_0_5_BETA_0_4_NR_ITER_100', 'size_of_population': 100, 'alpha': 0.5, 'beta': 0.4, 'max_iterations': 100}",6.9                                                                                                                                    ,6.9                   ,                      ,6.9                   ,0.062494754791259766 ,                                       ,                                            ,                                      ,                                           ,                                                  ,
97             ,TSP_CITIES_SET_97_N_8.json,CPU                        ,particle_swarm_tsp,                  ,                      ,[]      ,False              ,                       ,                       ,[]         ,            ,PSO_POP_100_ALPHA_0_5_BETA_0_4_NR_ITER_100,"{'suffix': 'PSO_POP_100_ALPHA_0_5_BETA_0_4_NR_ITER_100', 'size_of_population': 100, 'alpha': 0.5, 'beta': 0.4, 'max_iterations': 100}",9.4                                                                                                                                    ,9.4                   ,                      ,9.4                   ,0.07814455032348633  ,                                       ,                                            ,                                      ,                                           ,                                                  ,
98             ,TSP_CITIES_SET_98_N_8.json,CPU                        ,particle_swarm_tsp,                  ,                      ,[]      ,False              ,                       ,                       ,[]         ,            ,PSO_POP_100_ALPHA_0_5_BETA_0_4_NR_ITER_100,"{'suffix': 'PSO_POP_100_ALPHA_0_5_BETA_0_4_NR_ITER_100', 'size_of_population': 100, 'alpha': 0.5, 'beta': 0.4, 'max_iterations': 100}",20.3                                                                                                                                   ,20.3                  ,                      ,20.3                  ,0.07813191413879395  ,                                       ,                                            ,                                      ,                                           ,                                                  ,
99             ,TSP_CITIES_SET_99_N_8.json,CPU                        ,particle_swarm_tsp,                  ,                      ,[]      ,False              ,                       ,                       ,[]         ,            ,PSO_POP_100_ALPHA_0_5_BETA_0_4_NR_ITER_100,"{'suffix': 'PSO_POP_100_ALPHA_0_5_BETA_0_4_NR_ITER_100', 'size_of_population': 100, 'alpha': 0.5, 'beta': 0.4, 'max_iterations': 100}",7.4                                                                                                                                    ,7.4                   ,                      ,7.4                   ,0.046891212463378906 ,                                       ,                                            ,                                      ,                                           ,                                                  ,
0              ,TSP_CITIES_SET_0_N_9.json ,CPU                        ,particle_swarm_tsp,                  ,                      ,[]      ,False              ,                       ,                       ,[]         ,            ,PSO_POP_100_ALPHA_0_5_BETA_0_4_NR_ITER_100,"{'suffix': 'PSO_POP_100_ALPHA_0_5_BETA_0_4_NR_ITER_100', 'size_of_population': 100, 'alpha': 0.5, 'beta': 0.4, 'max_iterations': 100}",7.1                                                                                                                                    ,7.1                   ,                      ,7.1                   ,0.0624992847442627   ,                                       ,                                            ,                                      ,                                           ,                                                  ,
1              ,TSP_CITIES_SET_1_N_9.json ,CPU                        ,particle_swarm_tsp,                  ,                      ,[]      ,False              ,                       ,                       ,[]         ,            ,PSO_POP_100_ALPHA_0_5_BETA_0_4_NR_ITER_100,"{'suffix': 'PSO_POP_100_ALPHA_0_5_BETA_0_4_NR_ITER_100', 'size_of_population': 100, 'alpha': 0.5, 'beta': 0.4, 'max_iterations': 100}",7.8                                                                                                                                    ,7.8                   ,                      ,7.8                   ,0.07944512367248535  ,                                       ,                                            ,                                      ,                                           ,                                                  ,
2              ,TSP_CITIES_SET_2_N_9.json ,CPU                        ,particle_swarm_tsp,                  ,                      ,[]      ,False              ,                       ,                       ,[]         ,            ,PSO_POP_100_ALPHA_0_5_BETA_0_4_NR_ITER_100,"{'suffix': 'PSO_POP_100_ALPHA_0_5_BETA_0_4_NR_ITER_100', 'size_of_population': 100, 'alpha': 0.5, 'beta': 0.4, 'max_iterations': 100}",21.4                                                                                                                                   ,21.4                  ,                      ,21.4                  ,0.07812333106994629  ,                                       ,                                            ,                                      ,                                           ,                                                  ,
3              ,TSP_CITIES_SET_3_N_9.json ,CPU                        ,particle_swarm_tsp,                  ,                      ,[]      ,False              ,                       ,                       ,[]         ,            ,PSO_POP_100_ALPHA_0_5_BETA_0_4_NR_ITER_100,"{'suffix': 'PSO_POP_100_ALPHA_0_5_BETA_0_4_NR_ITER_100', 'size_of_population': 100, 'alpha': 0.5, 'beta': 0.4, 'max_iterations': 100}",7.1                                                                                                                                    ,7.1                   ,                      ,7.1                   ,0.06249380111694336  ,                                       ,                                            ,                                      ,                                           ,                                                  ,
4              ,TSP_CITIES_SET_4_N_9.json ,CPU                        ,particle_swarm_tsp,                  ,                      ,[]      ,False              ,                       ,                       ,[]         ,            ,PSO_POP_100_ALPHA_0_5_BETA_0_4_NR_ITER_100,"{'suffix': 'PSO_POP_100_ALPHA_0_5_BETA_0_4_NR_ITER_100', 'size_of_population': 100, 'alpha': 0.5, 'beta': 0.4, 'max_iterations': 100}",6.2                                                                                                                                    ,6.2                   ,                      ,6.2                   ,0.06249713897705076  ,                                       ,                                            ,                                      ,                                           ,                                                  ,
5              ,TSP_CITIES_SET_5_N_9.json ,CPU                        ,particle_swarm_tsp,                  ,                      ,[]      ,False              ,                       ,                       ,[]         ,            ,PSO_POP_100_ALPHA_0_5_BETA_0_4_NR_ITER_100,"{'suffix': 'PSO_POP_100_ALPHA_0_5_BETA_0_4_NR_ITER_100', 'size_of_population': 100, 'alpha': 0.5, 'beta': 0.4, 'max_iterations': 100}",8.1                                                                                                                                    ,8.1                   ,                      ,8.1                   ,0.07811856269836426  ,                                       ,                                            ,                                      ,                                           ,                                                  ,
6              ,TSP_CITIES_SET_6_N_9.json ,CPU                        ,particle_swarm_tsp,                  ,                      ,[]      ,False              ,                       ,                       ,[]         ,            ,PSO_POP_100_ALPHA_0_5_BETA_0_4_NR_ITER_100,"{'suffix': 'PSO_POP_100_ALPHA_0_5_BETA_0_4_NR_ITER_100', 'size_of_population': 100, 'alpha': 0.5, 'beta': 0.4, 'max_iterations': 100}",6.2                                                                                                                                    ,6.2                   ,                      ,6.2                   ,0.06248641014099121  ,                                       ,                                            ,                                      ,                                           ,                                                  ,
7              ,TSP_CITIES_SET_7_N_9.json ,CPU                        ,particle_swarm_tsp,                  ,                      ,[]      ,False              ,                       ,                       ,[]         ,            ,PSO_POP_100_ALPHA_0_5_BETA_0_4_NR_ITER_100,"{'suffix': 'PSO_POP_100_ALPHA_0_5_BETA_0_4_NR_ITER_100', 'size_of_population': 100, 'alpha': 0.5, 'beta': 0.4, 'max_iterations': 100}",21.5                                                                                                                                   ,21.5                  ,                      ,21.5                  ,0.0937504768371582   ,                                       ,                                            ,                                      ,                                           ,                                                  ,
8              ,TSP_CITIES_SET_8_N_9.json ,CPU                        ,particle_swarm_tsp,                  ,                      ,[]      ,False              ,                       ,                       ,[]         ,            ,PSO_POP_100_ALPHA_0_5_BETA_0_4_NR_ITER_100,"{'suffix': 'PSO_POP_100_ALPHA_0_5_BETA_0_4_NR_ITER_100', 'size_of_population': 100, 'alpha': 0.5, 'beta': 0.4, 'max_iterations': 100}",7.3                                                                                                                                    ,7.3                   ,                      ,7.3                   ,0.062466859817504876 ,                                       ,                                            ,                                      ,                                           ,                                                  ,
9              ,TSP_CITIES_SET_9_N_9.json ,CPU                        ,particle_swarm_tsp,                  ,                      ,[]      ,False              ,                       ,                       ,[]         ,            ,PSO_POP_100_ALPHA_0_5_BETA_0_4_NR_ITER_100,"{'suffix': 'PSO_POP_100_ALPHA_0_5_BETA_0_4_NR_ITER_100', 'size_of_population': 100, 'alpha': 0.5, 'beta': 0.4, 'max_iterations': 100}",10.9                                                                                                                                   ,10.9                  ,                      ,10.9                  ,0.062494754791259766 ,                                       ,                                            ,                                      ,                                           ,                                                  ,
10             ,TSP_CITIES_SET_10_N_9.json,CPU                        ,particle_swarm_tsp,                  ,                      ,[]      ,False              ,                       ,                       ,[]         ,            ,PSO_POP_100_ALPHA_0_5_BETA_0_4_NR_ITER_100,"{'suffix': 'PSO_POP_100_ALPHA_0_5_BETA_0_4_NR_ITER_100', 'size_of_population': 100, 'alpha': 0.5, 'beta': 0.4, 'max_iterations': 100}",8.9                                                                                                                                    ,8.9                   ,                      ,8.9                   ,0.07811737060546875  ,                                       ,                                            ,                                      ,                                           ,                                                  ,
11             ,TSP_CITIES_SET_11_N_9.json,CPU                        ,particle_swarm_tsp,                  ,                      ,[]      ,False              ,                       ,                       ,[]         ,            ,PSO_POP_100_ALPHA_0_5_BETA_0_4_NR_ITER_100,"{'suffix': 'PSO_POP_100_ALPHA_0_5_BETA_0_4_NR_ITER_100', 'size_of_population': 100, 'alpha': 0.5, 'beta': 0.4, 'max_iterations': 100}",7.1                                                                                                                                    ,7.1                   ,                      ,7.1                   ,0.06250381469726562  ,                                       ,                                            ,                                      ,                                           ,                                                  ,
12             ,TSP_CITIES_SET_12_N_9.json,CPU                        ,particle_swarm_tsp,                  ,                      ,[]      ,False              ,                       ,                       ,[]         ,            ,PSO_POP_100_ALPHA_0_5_BETA_0_4_NR_ITER_100,"{'suffix': 'PSO_POP_100_ALPHA_0_5_BETA_0_4_NR_ITER_100', 'size_of_population': 100, 'alpha': 0.5, 'beta': 0.4, 'max_iterations': 100}",23.2                                                                                                                                   ,23.2                  ,                      ,23.2                  ,0.07828140258789062  ,                                       ,                                            ,                                      ,                                           ,                                                  ,
13             ,TSP_CITIES_SET_13_N_9.json,CPU                        ,particle_swarm_tsp,                  ,                      ,[]      ,False              ,                       ,                       ,[]         ,            ,PSO_POP_100_ALPHA_0_5_BETA_0_4_NR_ITER_100,"{'suffix': 'PSO_POP_100_ALPHA_0_5_BETA_0_4_NR_ITER_100', 'size_of_population': 100, 'alpha': 0.5, 'beta': 0.4, 'max_iterations': 100}",37.5                                                                                                                                   ,37.5                  ,                      ,37.5                  ,0.0937192440032959   ,                                       ,                                            ,                                      ,                                           ,                                                  ,
14             ,TSP_CITIES_SET_14_N_9.json,CPU                        ,particle_swarm_tsp,                  ,                      ,[]      ,False              ,                       ,                       ,[]         ,            ,PSO_POP_100_ALPHA_0_5_BETA_0_4_NR_ITER_100,"{'suffix': 'PSO_POP_100_ALPHA_0_5_BETA_0_4_NR_ITER_100', 'size_of_population': 100, 'alpha': 0.5, 'beta': 0.4, 'max_iterations': 100}",10.7                                                                                                                                   ,10.7                  ,                      ,10.7                  ,0.07812166213989258  ,                                       ,                                            ,                                      ,                                           ,                                                  ,
15             ,TSP_CITIES_SET_15_N_9.json,CPU                        ,particle_swarm_tsp,                  ,                      ,[]      ,False              ,                       ,                       ,[]         ,            ,PSO_POP_100_ALPHA_0_5_BETA_0_4_NR_ITER_100,"{'suffix': 'PSO_POP_100_ALPHA_0_5_BETA_0_4_NR_ITER_100', 'size_of_population': 100, 'alpha': 0.5, 'beta': 0.4, 'max_iterations': 100}",9.4                                                                                                                                    ,9.4                   ,                      ,9.4                   ,0.09512829780578612  ,                                       ,                                            ,                                      ,                                           ,                                                  ,
16             ,TSP_CITIES_SET_16_N_9.json,CPU                        ,particle_swarm_tsp,                  ,                      ,[]      ,False              ,                       ,                       ,[]         ,            ,PSO_POP_100_ALPHA_0_5_BETA_0_4_NR_ITER_100,"{'suffix': 'PSO_POP_100_ALPHA_0_5_BETA_0_4_NR_ITER_100', 'size_of_population': 100, 'alpha': 0.5, 'beta': 0.4, 'max_iterations': 100}",7.0                                                                                                                                    ,7.0                   ,                      ,7.0                   ,0.06249809265136719  ,                                       ,                                            ,                                      ,                                           ,                                                  ,
17             ,TSP_CITIES_SET_17_N_9.json,CPU                        ,particle_swarm_tsp,                  ,                      ,[]      ,False              ,                       ,                       ,[]         ,            ,PSO_POP_100_ALPHA_0_5_BETA_0_4_NR_ITER_100,"{'suffix': 'PSO_POP_100_ALPHA_0_5_BETA_0_4_NR_ITER_100', 'size_of_population': 100, 'alpha': 0.5, 'beta': 0.4, 'max_iterations': 100}",20.3                                                                                                                                   ,20.3                  ,                      ,20.3                  ,0.0781245231628418   ,                                       ,                                            ,                                      ,                                           ,                                                  ,
18             ,TSP_CITIES_SET_18_N_9.json,CPU                        ,particle_swarm_tsp,                  ,                      ,[]      ,False              ,                       ,                       ,[]         ,            ,PSO_POP_100_ALPHA_0_5_BETA_0_4_NR_ITER_100,"{'suffix': 'PSO_POP_100_ALPHA_0_5_BETA_0_4_NR_ITER_100', 'size_of_population': 100, 'alpha': 0.5, 'beta': 0.4, 'max_iterations': 100}",7.9                                                                                                                                    ,7.9                   ,                      ,7.9                   ,0.0781240463256836   ,                                       ,                                            ,                                      ,                                           ,                                                  ,
19             ,TSP_CITIES_SET_19_N_9.json,CPU                        ,particle_swarm_tsp,                  ,                      ,[]      ,False              ,                       ,                       ,[]         ,            ,PSO_POP_100_ALPHA_0_5_BETA_0_4_NR_ITER_100,"{'suffix': 'PSO_POP_100_ALPHA_0_5_BETA_0_4_NR_ITER_100', 'size_of_population': 100, 'alpha': 0.5, 'beta': 0.4, 'max_iterations': 100}",32.1                                                                                                                                   ,32.1                  ,                      ,32.1                  ,0.05939149856567383  ,                                       ,                                            ,                                      ,                                           ,                                                  ,
20             ,TSP_CITIES_SET_20_N_9.json,CPU                        ,particle_swarm_tsp,                  ,                      ,[]      ,False              ,                       ,                       ,[]         ,            ,PSO_POP_100_ALPHA_0_5_BETA_0_4_NR_ITER_100,"{'suffix': 'PSO_POP_100_ALPHA_0_5_BETA_0_4_NR_ITER_100', 'size_of_population': 100, 'alpha': 0.5, 'beta': 0.4, 'max_iterations': 100}",6.2                                                                                                                                    ,6.2                   ,                      ,6.2                   ,0.0624992847442627   ,                                       ,                                            ,                                      ,                                           ,                                                  ,
21             ,TSP_CITIES_SET_21_N_9.json,CPU                        ,particle_swarm_tsp,                  ,                      ,[]      ,False              ,                       ,                       ,[]         ,            ,PSO_POP_100_ALPHA_0_5_BETA_0_4_NR_ITER_100,"{'suffix': 'PSO_POP_100_ALPHA_0_5_BETA_0_4_NR_ITER_100', 'size_of_population': 100, 'alpha': 0.5, 'beta': 0.4, 'max_iterations': 100}",8.9                                                                                                                                    ,8.9                   ,                      ,8.9                   ,0.07812142372131348  ,                                       ,                                            ,                                      ,                                           ,                                                  ,
22             ,TSP_CITIES_SET_22_N_9.json,CPU                        ,particle_swarm_tsp,                  ,                      ,[]      ,False              ,                       ,                       ,[]         ,            ,PSO_POP_100_ALPHA_0_5_BETA_0_4_NR_ITER_100,"{'suffix': 'PSO_POP_100_ALPHA_0_5_BETA_0_4_NR_ITER_100', 'size_of_population': 100, 'alpha': 0.5, 'beta': 0.4, 'max_iterations': 100}",39.3                                                                                                                                   ,39.3                  ,                      ,39.3                  ,0.07812666893005371  ,                                       ,                                            ,                                      ,                                           ,                                                  ,
23             ,TSP_CITIES_SET_23_N_9.json,CPU                        ,particle_swarm_tsp,                  ,                      ,[]      ,False              ,                       ,                       ,[]         ,            ,PSO_POP_100_ALPHA_0_5_BETA_0_4_NR_ITER_100,"{'suffix': 'PSO_POP_100_ALPHA_0_5_BETA_0_4_NR_ITER_100', 'size_of_population': 100, 'alpha': 0.5, 'beta': 0.4, 'max_iterations': 100}",7.8                                                                                                                                    ,7.8                   ,                      ,7.8                   ,0.07811784744262695  ,                                       ,                                            ,                                      ,                                           ,                                                  ,
24             ,TSP_CITIES_SET_24_N_9.json,CPU                        ,particle_swarm_tsp,                  ,                      ,[]      ,False              ,                       ,                       ,[]         ,            ,PSO_POP_100_ALPHA_0_5_BETA_0_4_NR_ITER_100,"{'suffix': 'PSO_POP_100_ALPHA_0_5_BETA_0_4_NR_ITER_100', 'size_of_population': 100, 'alpha': 0.5, 'beta': 0.4, 'max_iterations': 100}",8.9                                                                                                                                    ,8.9                   ,                      ,8.9                   ,0.07932782173156737  ,                                       ,                                            ,                                      ,                                           ,                                                  ,
25             ,TSP_CITIES_SET_25_N_9.json,CPU                        ,particle_swarm_tsp,                  ,                      ,[]      ,False              ,                       ,                       ,[]         ,            ,PSO_POP_100_ALPHA_0_5_BETA_0_4_NR_ITER_100,"{'suffix': 'PSO_POP_100_ALPHA_0_5_BETA_0_4_NR_ITER_100', 'size_of_population': 100, 'alpha': 0.5, 'beta': 0.4, 'max_iterations': 100}",7.1                                                                                                                                    ,7.1                   ,                      ,7.1                   ,0.06249809265136719  ,                                       ,                                            ,                                      ,                                           ,                                                  ,
26             ,TSP_CITIES_SET_26_N_9.json,CPU                        ,particle_swarm_tsp,                  ,                      ,[]      ,False              ,                       ,                       ,[]         ,            ,PSO_POP_100_ALPHA_0_5_BETA_0_4_NR_ITER_100,"{'suffix': 'PSO_POP_100_ALPHA_0_5_BETA_0_4_NR_ITER_100', 'size_of_population': 100, 'alpha': 0.5, 'beta': 0.4, 'max_iterations': 100}",25.4                                                                                                                                   ,25.4                  ,                      ,25.4                  ,0.07808685302734375  ,                                       ,                                            ,                                      ,                                           ,                                                  ,
27             ,TSP_CITIES_SET_27_N_9.json,CPU                        ,particle_swarm_tsp,                  ,                      ,[]      ,False              ,                       ,                       ,[]         ,            ,PSO_POP_100_ALPHA_0_5_BETA_0_4_NR_ITER_100,"{'suffix': 'PSO_POP_100_ALPHA_0_5_BETA_0_4_NR_ITER_100', 'size_of_population': 100, 'alpha': 0.5, 'beta': 0.4, 'max_iterations': 100}",7.0                                                                                                                                    ,7.0                   ,                      ,7.0                   ,0.06383252143859862  ,                                       ,                                            ,                                      ,                                           ,                                                  ,
28             ,TSP_CITIES_SET_28_N_9.json,CPU                        ,particle_swarm_tsp,                  ,                      ,[]      ,False              ,                       ,                       ,[]         ,            ,PSO_POP_100_ALPHA_0_5_BETA_0_4_NR_ITER_100,"{'suffix': 'PSO_POP_100_ALPHA_0_5_BETA_0_4_NR_ITER_100', 'size_of_population': 100, 'alpha': 0.5, 'beta': 0.4, 'max_iterations': 100}",7.3                                                                                                                                    ,7.3                   ,                      ,7.3                   ,0.06363916397094728  ,                                       ,                                            ,                                      ,                                           ,                                                  ,
29             ,TSP_CITIES_SET_29_N_9.json,CPU                        ,particle_swarm_tsp,                  ,                      ,[]      ,False              ,                       ,                       ,[]         ,            ,PSO_POP_100_ALPHA_0_5_BETA_0_4_NR_ITER_100,"{'suffix': 'PSO_POP_100_ALPHA_0_5_BETA_0_4_NR_ITER_100', 'size_of_population': 100, 'alpha': 0.5, 'beta': 0.4, 'max_iterations': 100}",33.9                                                                                                                                   ,33.9                  ,                      ,33.9                  ,0.07825851440429688  ,                                       ,                                            ,                                      ,                                           ,                                                  ,
30             ,TSP_CITIES_SET_30_N_9.json,CPU                        ,particle_swarm_tsp,                  ,                      ,[]      ,False              ,                       ,                       ,[]         ,            ,PSO_POP_100_ALPHA_0_5_BETA_0_4_NR_ITER_100,"{'suffix': 'PSO_POP_100_ALPHA_0_5_BETA_0_4_NR_ITER_100', 'size_of_population': 100, 'alpha': 0.5, 'beta': 0.4, 'max_iterations': 100}",6.9                                                                                                                                    ,6.9                   ,                      ,6.9                   ,0.06249713897705076  ,                                       ,                                            ,                                      ,                                           ,                                                  ,
31             ,TSP_CITIES_SET_31_N_9.json,CPU                        ,particle_swarm_tsp,                  ,                      ,[]      ,False              ,                       ,                       ,[]         ,            ,PSO_POP_100_ALPHA_0_5_BETA_0_4_NR_ITER_100,"{'suffix': 'PSO_POP_100_ALPHA_0_5_BETA_0_4_NR_ITER_100', 'size_of_population': 100, 'alpha': 0.5, 'beta': 0.4, 'max_iterations': 100}",26.3                                                                                                                                   ,26.3                  ,                      ,26.3                  ,0.09478187561035156  ,                                       ,                                            ,                                      ,                                           ,                                                  ,
32             ,TSP_CITIES_SET_32_N_9.json,CPU                        ,particle_swarm_tsp,                  ,                      ,[]      ,False              ,                       ,                       ,[]         ,            ,PSO_POP_100_ALPHA_0_5_BETA_0_4_NR_ITER_100,"{'suffix': 'PSO_POP_100_ALPHA_0_5_BETA_0_4_NR_ITER_100', 'size_of_population': 100, 'alpha': 0.5, 'beta': 0.4, 'max_iterations': 100}",8.9                                                                                                                                    ,8.9                   ,                      ,8.9                   ,0.06618165969848633  ,                                       ,                                            ,                                      ,                                           ,                                                  ,
33             ,TSP_CITIES_SET_33_N_9.json,CPU                        ,particle_swarm_tsp,                  ,                      ,[]      ,False              ,                       ,                       ,[]         ,            ,PSO_POP_100_ALPHA_0_5_BETA_0_4_NR_ITER_100,"{'suffix': 'PSO_POP_100_ALPHA_0_5_BETA_0_4_NR_ITER_100', 'size_of_population': 100, 'alpha': 0.5, 'beta': 0.4, 'max_iterations': 100}",7.8                                                                                                                                    ,7.8                   ,                      ,7.8                   ,0.07816791534423828  ,                                       ,                                            ,                                      ,                                           ,                                                  ,
34             ,TSP_CITIES_SET_34_N_9.json,CPU                        ,particle_swarm_tsp,                  ,                      ,[]      ,False              ,                       ,                       ,[]         ,            ,PSO_POP_100_ALPHA_0_5_BETA_0_4_NR_ITER_100,"{'suffix': 'PSO_POP_100_ALPHA_0_5_BETA_0_4_NR_ITER_100', 'size_of_population': 100, 'alpha': 0.5, 'beta': 0.4, 'max_iterations': 100}",21.9                                                                                                                                   ,21.9                  ,                      ,21.9                  ,0.0937507152557373   ,                                       ,                                            ,                                      ,                                           ,                                                  ,
35             ,TSP_CITIES_SET_35_N_9.json,CPU                        ,particle_swarm_tsp,                  ,                      ,[]      ,False              ,                       ,                       ,[]         ,            ,PSO_POP_100_ALPHA_0_5_BETA_0_4_NR_ITER_100,"{'suffix': 'PSO_POP_100_ALPHA_0_5_BETA_0_4_NR_ITER_100', 'size_of_population': 100, 'alpha': 0.5, 'beta': 0.4, 'max_iterations': 100}",6.2                                                                                                                                    ,6.2                   ,                      ,6.2                   ,0.06249666213989258  ,                                       ,                                            ,                                      ,                                           ,                                                  ,
36             ,TSP_CITIES_SET_36_N_9.json,CPU                        ,particle_swarm_tsp,                  ,                      ,[]      ,False              ,                       ,                       ,[]         ,            ,PSO_POP_100_ALPHA_0_5_BETA_0_4_NR_ITER_100,"{'suffix': 'PSO_POP_100_ALPHA_0_5_BETA_0_4_NR_ITER_100', 'size_of_population': 100, 'alpha': 0.5, 'beta': 0.4, 'max_iterations': 100}",8.9                                                                                                                                    ,8.9                   ,                      ,8.9                   ,0.07812356948852539  ,                                       ,                                            ,                                      ,                                           ,                                                  ,
37             ,TSP_CITIES_SET_37_N_9.json,CPU                        ,particle_swarm_tsp,                  ,                      ,[]      ,False              ,                       ,                       ,[]         ,            ,PSO_POP_100_ALPHA_0_5_BETA_0_4_NR_ITER_100,"{'suffix': 'PSO_POP_100_ALPHA_0_5_BETA_0_4_NR_ITER_100', 'size_of_population': 100, 'alpha': 0.5, 'beta': 0.4, 'max_iterations': 100}",10.7                                                                                                                                   ,10.7                  ,                      ,10.7                  ,0.0937809944152832   ,                                       ,                                            ,                                      ,                                           ,                                                  ,
38             ,TSP_CITIES_SET_38_N_9.json,CPU                        ,particle_swarm_tsp,                  ,                      ,[]      ,False              ,                       ,                       ,[]         ,            ,PSO_POP_100_ALPHA_0_5_BETA_0_4_NR_ITER_100,"{'suffix': 'PSO_POP_100_ALPHA_0_5_BETA_0_4_NR_ITER_100', 'size_of_population': 100, 'alpha': 0.5, 'beta': 0.4, 'max_iterations': 100}",8.9                                                                                                                                    ,8.9                   ,                      ,8.9                   ,0.07812833786010742  ,                                       ,                                            ,                                      ,                                           ,                                                  ,
39             ,TSP_CITIES_SET_39_N_9.json,CPU                        ,particle_swarm_tsp,                  ,                      ,[]      ,False              ,                       ,                       ,[]         ,            ,PSO_POP_100_ALPHA_0_5_BETA_0_4_NR_ITER_100,"{'suffix': 'PSO_POP_100_ALPHA_0_5_BETA_0_4_NR_ITER_100', 'size_of_population': 100, 'alpha': 0.5, 'beta': 0.4, 'max_iterations': 100}",20.3                                                                                                                                   ,20.3                  ,                      ,20.3                  ,0.07816004753112793  ,                                       ,                                            ,                                      ,                                           ,                                                  ,
40             ,TSP_CITIES_SET_40_N_9.json,CPU                        ,particle_swarm_tsp,                  ,                      ,[]      ,False              ,                       ,                       ,[]         ,            ,PSO_POP_100_ALPHA_0_5_BETA_0_4_NR_ITER_100,"{'suffix': 'PSO_POP_100_ALPHA_0_5_BETA_0_4_NR_ITER_100', 'size_of_population': 100, 'alpha': 0.5, 'beta': 0.4, 'max_iterations': 100}",14.3                                                                                                                                   ,14.3                  ,                      ,14.3                  ,0.0937504768371582   ,                                       ,                                            ,                                      ,                                           ,                                                  ,
41             ,TSP_CITIES_SET_41_N_9.json,CPU                        ,particle_swarm_tsp,                  ,                      ,[]      ,False              ,                       ,                       ,[]         ,            ,PSO_POP_100_ALPHA_0_5_BETA_0_4_NR_ITER_100,"{'suffix': 'PSO_POP_100_ALPHA_0_5_BETA_0_4_NR_ITER_100', 'size_of_population': 100, 'alpha': 0.5, 'beta': 0.4, 'max_iterations': 100}",7.8                                                                                                                                    ,7.8                   ,                      ,7.8                   ,0.07808303833007812  ,                                       ,                                            ,                                      ,                                           ,                                                  ,
42             ,TSP_CITIES_SET_42_N_9.json,CPU                        ,particle_swarm_tsp,                  ,                      ,[]      ,False              ,                       ,                       ,[]         ,            ,PSO_POP_100_ALPHA_0_5_BETA_0_4_NR_ITER_100,"{'suffix': 'PSO_POP_100_ALPHA_0_5_BETA_0_4_NR_ITER_100', 'size_of_population': 100, 'alpha': 0.5, 'beta': 0.4, 'max_iterations': 100}",7.1                                                                                                                                    ,7.1                   ,                      ,7.1                   ,0.06250572204589844  ,                                       ,                                            ,                                      ,                                           ,                                                  ,
43             ,TSP_CITIES_SET_43_N_9.json,CPU                        ,particle_swarm_tsp,                  ,                      ,[]      ,False              ,                       ,                       ,[]         ,            ,PSO_POP_100_ALPHA_0_5_BETA_0_4_NR_ITER_100,"{'suffix': 'PSO_POP_100_ALPHA_0_5_BETA_0_4_NR_ITER_100', 'size_of_population': 100, 'alpha': 0.5, 'beta': 0.4, 'max_iterations': 100}",18.1                                                                                                                                   ,18.1                  ,                      ,18.1                  ,0.07815980911254883  ,                                       ,                                            ,                                      ,                                           ,                                                  ,
44             ,TSP_CITIES_SET_44_N_9.json,CPU                        ,particle_swarm_tsp,                  ,                      ,[]      ,False              ,                       ,                       ,[]         ,            ,PSO_POP_100_ALPHA_0_5_BETA_0_4_NR_ITER_100,"{'suffix': 'PSO_POP_100_ALPHA_0_5_BETA_0_4_NR_ITER_100', 'size_of_population': 100, 'alpha': 0.5, 'beta': 0.4, 'max_iterations': 100}",10.4                                                                                                                                   ,10.4                  ,                      ,10.4                  ,0.06253719329833984  ,                                       ,                                            ,                                      ,                                           ,                                                  ,
45             ,TSP_CITIES_SET_45_N_9.json,CPU                        ,particle_swarm_tsp,                  ,                      ,[]      ,False              ,                       ,                       ,[]         ,            ,PSO_POP_100_ALPHA_0_5_BETA_0_4_NR_ITER_100,"{'suffix': 'PSO_POP_100_ALPHA_0_5_BETA_0_4_NR_ITER_100', 'size_of_population': 100, 'alpha': 0.5, 'beta': 0.4, 'max_iterations': 100}",8.9                                                                                                                                    ,8.9                   ,                      ,8.9                   ,0.06249833106994629  ,                                       ,                                            ,                                      ,                                           ,                                                  ,
46             ,TSP_CITIES_SET_46_N_9.json,CPU                        ,particle_swarm_tsp,                  ,                      ,[]      ,False              ,                       ,                       ,[]         ,            ,PSO_POP_100_ALPHA_0_5_BETA_0_4_NR_ITER_100,"{'suffix': 'PSO_POP_100_ALPHA_0_5_BETA_0_4_NR_ITER_100', 'size_of_population': 100, 'alpha': 0.5, 'beta': 0.4, 'max_iterations': 100}",6.2                                                                                                                                    ,6.2                   ,                      ,6.2                   ,0.06254124641418457  ,                                       ,                                            ,                                      ,                                           ,                                                  ,
47             ,TSP_CITIES_SET_47_N_9.json,CPU                        ,particle_swarm_tsp,                  ,                      ,[]      ,False              ,                       ,                       ,[]         ,            ,PSO_POP_100_ALPHA_0_5_BETA_0_4_NR_ITER_100,"{'suffix': 'PSO_POP_100_ALPHA_0_5_BETA_0_4_NR_ITER_100', 'size_of_population': 100, 'alpha': 0.5, 'beta': 0.4, 'max_iterations': 100}",9.4                                                                                                                                    ,9.4                   ,                      ,9.4                   ,0.09370946884155272  ,                                       ,                                            ,                                      ,                                           ,                                                  ,
48             ,TSP_CITIES_SET_48_N_9.json,CPU                        ,particle_swarm_tsp,                  ,                      ,[]      ,False              ,                       ,                       ,[]         ,            ,PSO_POP_100_ALPHA_0_5_BETA_0_4_NR_ITER_100,"{'suffix': 'PSO_POP_100_ALPHA_0_5_BETA_0_4_NR_ITER_100', 'size_of_population': 100, 'alpha': 0.5, 'beta': 0.4, 'max_iterations': 100}",9.3                                                                                                                                    ,9.3                   ,                      ,9.3                   ,0.0781242847442627   ,                                       ,                                            ,                                      ,                                           ,                                                  ,
49             ,TSP_CITIES_SET_49_N_9.json,CPU                        ,particle_swarm_tsp,                  ,                      ,[]      ,False              ,                       ,                       ,[]         ,            ,PSO_POP_100_ALPHA_0_5_BETA_0_4_NR_ITER_100,"{'suffix': 'PSO_POP_100_ALPHA_0_5_BETA_0_4_NR_ITER_100', 'size_of_population': 100, 'alpha': 0.5, 'beta': 0.4, 'max_iterations': 100}",7.1                                                                                                                                    ,7.1                   ,                      ,7.1                   ,0.06250119209289551  ,                                       ,                                            ,                                      ,                                           ,                                                  ,
50             ,TSP_CITIES_SET_50_N_9.json,CPU                        ,particle_swarm_tsp,                  ,                      ,[]      ,False              ,                       ,                       ,[]         ,            ,PSO_POP_100_ALPHA_0_5_BETA_0_4_NR_ITER_100,"{'suffix': 'PSO_POP_100_ALPHA_0_5_BETA_0_4_NR_ITER_100', 'size_of_population': 100, 'alpha': 0.5, 'beta': 0.4, 'max_iterations': 100}",28.6                                                                                                                                   ,28.6                  ,                      ,28.6                  ,0.0624990463256836   ,                                       ,                                            ,                                      ,                                           ,                                                  ,
51             ,TSP_CITIES_SET_51_N_9.json,CPU                        ,particle_swarm_tsp,                  ,                      ,[]      ,False              ,                       ,                       ,[]         ,            ,PSO_POP_100_ALPHA_0_5_BETA_0_4_NR_ITER_100,"{'suffix': 'PSO_POP_100_ALPHA_0_5_BETA_0_4_NR_ITER_100', 'size_of_population': 100, 'alpha': 0.5, 'beta': 0.4, 'max_iterations': 100}",7.8                                                                                                                                    ,7.8                   ,                      ,7.8                   ,0.07811522483825684  ,                                       ,                                            ,                                      ,                                           ,                                                  ,
52             ,TSP_CITIES_SET_52_N_9.json,CPU                        ,particle_swarm_tsp,                  ,                      ,[]      ,False              ,                       ,                       ,[]         ,            ,PSO_POP_100_ALPHA_0_5_BETA_0_4_NR_ITER_100,"{'suffix': 'PSO_POP_100_ALPHA_0_5_BETA_0_4_NR_ITER_100', 'size_of_population': 100, 'alpha': 0.5, 'beta': 0.4, 'max_iterations': 100}",6.2                                                                                                                                    ,6.2                   ,                      ,6.2                   ,0.062497854232788086 ,                                       ,                                            ,                                      ,                                           ,                                                  ,
53             ,TSP_CITIES_SET_53_N_9.json,CPU                        ,particle_swarm_tsp,                  ,                      ,[]      ,False              ,                       ,                       ,[]         ,            ,PSO_POP_100_ALPHA_0_5_BETA_0_4_NR_ITER_100,"{'suffix': 'PSO_POP_100_ALPHA_0_5_BETA_0_4_NR_ITER_100', 'size_of_population': 100, 'alpha': 0.5, 'beta': 0.4, 'max_iterations': 100}",7.8                                                                                                                                    ,7.8                   ,                      ,7.8                   ,0.06248164176940917  ,                                       ,                                            ,                                      ,                                           ,                                                  ,
54             ,TSP_CITIES_SET_54_N_9.json,CPU                        ,particle_swarm_tsp,                  ,                      ,[]      ,False              ,                       ,                       ,[]         ,            ,PSO_POP_100_ALPHA_0_5_BETA_0_4_NR_ITER_100,"{'suffix': 'PSO_POP_100_ALPHA_0_5_BETA_0_4_NR_ITER_100', 'size_of_population': 100, 'alpha': 0.5, 'beta': 0.4, 'max_iterations': 100}",19.6                                                                                                                                   ,19.6                  ,                      ,19.6                  ,0.0625302791595459   ,                                       ,                                            ,                                      ,                                           ,                                                  ,
55             ,TSP_CITIES_SET_55_N_9.json,CPU                        ,particle_swarm_tsp,                  ,                      ,[]      ,False              ,                       ,                       ,[]         ,            ,PSO_POP_100_ALPHA_0_5_BETA_0_4_NR_ITER_100,"{'suffix': 'PSO_POP_100_ALPHA_0_5_BETA_0_4_NR_ITER_100', 'size_of_population': 100, 'alpha': 0.5, 'beta': 0.4, 'max_iterations': 100}",9.8                                                                                                                                    ,9.8                   ,                      ,9.8                   ,0.07940411567687987  ,                                       ,                                            ,                                      ,                                           ,                                                  ,
56             ,TSP_CITIES_SET_56_N_9.json,CPU                        ,particle_swarm_tsp,                  ,                      ,[]      ,False              ,                       ,                       ,[]         ,            ,PSO_POP_100_ALPHA_0_5_BETA_0_4_NR_ITER_100,"{'suffix': 'PSO_POP_100_ALPHA_0_5_BETA_0_4_NR_ITER_100', 'size_of_population': 100, 'alpha': 0.5, 'beta': 0.4, 'max_iterations': 100}",16.1                                                                                                                                   ,16.1                  ,                      ,16.1                  ,0.09885549545288086  ,                                       ,                                            ,                                      ,                                           ,                                                  ,
57             ,TSP_CITIES_SET_57_N_9.json,CPU                        ,particle_swarm_tsp,                  ,                      ,[]      ,False              ,                       ,                       ,[]         ,            ,PSO_POP_100_ALPHA_0_5_BETA_0_4_NR_ITER_100,"{'suffix': 'PSO_POP_100_ALPHA_0_5_BETA_0_4_NR_ITER_100', 'size_of_population': 100, 'alpha': 0.5, 'beta': 0.4, 'max_iterations': 100}",18.8                                                                                                                                   ,18.8                  ,                      ,18.8                  ,0.09370660781860353  ,                                       ,                                            ,                                      ,                                           ,                                                  ,
58             ,TSP_CITIES_SET_58_N_9.json,CPU                        ,particle_swarm_tsp,                  ,                      ,[]      ,False              ,                       ,                       ,[]         ,            ,PSO_POP_100_ALPHA_0_5_BETA_0_4_NR_ITER_100,"{'suffix': 'PSO_POP_100_ALPHA_0_5_BETA_0_4_NR_ITER_100', 'size_of_population': 100, 'alpha': 0.5, 'beta': 0.4, 'max_iterations': 100}",6.3                                                                                                                                    ,6.3                   ,                      ,6.3                   ,0.062493562698364265 ,                                       ,                                            ,                                      ,                                           ,                                                  ,
59             ,TSP_CITIES_SET_59_N_9.json,CPU                        ,particle_swarm_tsp,                  ,                      ,[]      ,False              ,                       ,                       ,[]         ,            ,PSO_POP_100_ALPHA_0_5_BETA_0_4_NR_ITER_100,"{'suffix': 'PSO_POP_100_ALPHA_0_5_BETA_0_4_NR_ITER_100', 'size_of_population': 100, 'alpha': 0.5, 'beta': 0.4, 'max_iterations': 100}",6.2                                                                                                                                    ,6.2                   ,                      ,6.2                   ,0.06252121925354004  ,                                       ,                                            ,                                      ,                                           ,                                                  ,
60             ,TSP_CITIES_SET_60_N_9.json,CPU                        ,particle_swarm_tsp,                  ,                      ,[]      ,False              ,                       ,                       ,[]         ,            ,PSO_POP_100_ALPHA_0_5_BETA_0_4_NR_ITER_100,"{'suffix': 'PSO_POP_100_ALPHA_0_5_BETA_0_4_NR_ITER_100', 'size_of_population': 100, 'alpha': 0.5, 'beta': 0.4, 'max_iterations': 100}",15.9                                                                                                                                   ,15.9                  ,                      ,15.9                  ,0.09283041954040527  ,                                       ,                                            ,                                      ,                                           ,                                                  ,
61             ,TSP_CITIES_SET_61_N_9.json,CPU                        ,particle_swarm_tsp,                  ,                      ,[]      ,False              ,                       ,                       ,[]         ,            ,PSO_POP_100_ALPHA_0_5_BETA_0_4_NR_ITER_100,"{'suffix': 'PSO_POP_100_ALPHA_0_5_BETA_0_4_NR_ITER_100', 'size_of_population': 100, 'alpha': 0.5, 'beta': 0.4, 'max_iterations': 100}",18.5                                                                                                                                   ,18.5                  ,                      ,18.5                  ,0.0937492847442627   ,                                       ,                                            ,                                      ,                                           ,                                                  ,
62             ,TSP_CITIES_SET_62_N_9.json,CPU                        ,particle_swarm_tsp,                  ,                      ,[]      ,False              ,                       ,                       ,[]         ,            ,PSO_POP_100_ALPHA_0_5_BETA_0_4_NR_ITER_100,"{'suffix': 'PSO_POP_100_ALPHA_0_5_BETA_0_4_NR_ITER_100', 'size_of_population': 100, 'alpha': 0.5, 'beta': 0.4, 'max_iterations': 100}",20.3                                                                                                                                   ,20.3                  ,                      ,20.3                  ,0.0781407356262207   ,                                       ,                                            ,                                      ,                                           ,                                                  ,
63             ,TSP_CITIES_SET_63_N_9.json,CPU                        ,particle_swarm_tsp,                  ,                      ,[]      ,False              ,                       ,                       ,[]         ,            ,PSO_POP_100_ALPHA_0_5_BETA_0_4_NR_ITER_100,"{'suffix': 'PSO_POP_100_ALPHA_0_5_BETA_0_4_NR_ITER_100', 'size_of_population': 100, 'alpha': 0.5, 'beta': 0.4, 'max_iterations': 100}",10.9                                                                                                                                   ,10.9                  ,                      ,10.9                  ,0.09371781349182128  ,                                       ,                                            ,                                      ,                                           ,                                                  ,
64             ,TSP_CITIES_SET_64_N_9.json,CPU                        ,particle_swarm_tsp,                  ,                      ,[]      ,False              ,                       ,                       ,[]         ,            ,PSO_POP_100_ALPHA_0_5_BETA_0_4_NR_ITER_100,"{'suffix': 'PSO_POP_100_ALPHA_0_5_BETA_0_4_NR_ITER_100', 'size_of_population': 100, 'alpha': 0.5, 'beta': 0.4, 'max_iterations': 100}",9.8                                                                                                                                    ,9.8                   ,                      ,9.8                   ,0.05770444869995117  ,                                       ,                                            ,                                      ,                                           ,                                                  ,
65             ,TSP_CITIES_SET_65_N_9.json,CPU                        ,particle_swarm_tsp,                  ,                      ,[]      ,False              ,                       ,                       ,[]         ,            ,PSO_POP_100_ALPHA_0_5_BETA_0_4_NR_ITER_100,"{'suffix': 'PSO_POP_100_ALPHA_0_5_BETA_0_4_NR_ITER_100', 'size_of_population': 100, 'alpha': 0.5, 'beta': 0.4, 'max_iterations': 100}",10.7                                                                                                                                   ,10.7                  ,                      ,10.7                  ,0.06253719329833984  ,                                       ,                                            ,                                      ,                                           ,                                                  ,
66             ,TSP_CITIES_SET_66_N_9.json,CPU                        ,particle_swarm_tsp,                  ,                      ,[]      ,False              ,                       ,                       ,[]         ,            ,PSO_POP_100_ALPHA_0_5_BETA_0_4_NR_ITER_100,"{'suffix': 'PSO_POP_100_ALPHA_0_5_BETA_0_4_NR_ITER_100', 'size_of_population': 100, 'alpha': 0.5, 'beta': 0.4, 'max_iterations': 100}",25.0                                                                                                                                   ,25.0                  ,                      ,25.0                  ,0.09124875068664552  ,                                       ,                                            ,                                      ,                                           ,                                                  ,
67             ,TSP_CITIES_SET_67_N_9.json,CPU                        ,particle_swarm_tsp,                  ,                      ,[]      ,False              ,                       ,                       ,[]         ,            ,PSO_POP_100_ALPHA_0_5_BETA_0_4_NR_ITER_100,"{'suffix': 'PSO_POP_100_ALPHA_0_5_BETA_0_4_NR_ITER_100', 'size_of_population': 100, 'alpha': 0.5, 'beta': 0.4, 'max_iterations': 100}",10.7                                                                                                                                   ,10.7                  ,                      ,10.7                  ,0.09374213218688963  ,                                       ,                                            ,                                      ,                                           ,                                                  ,
68             ,TSP_CITIES_SET_68_N_9.json,CPU                        ,particle_swarm_tsp,                  ,                      ,[]      ,False              ,                       ,                       ,[]         ,            ,PSO_POP_100_ALPHA_0_5_BETA_0_4_NR_ITER_100,"{'suffix': 'PSO_POP_100_ALPHA_0_5_BETA_0_4_NR_ITER_100', 'size_of_population': 100, 'alpha': 0.5, 'beta': 0.4, 'max_iterations': 100}",7.1                                                                                                                                    ,7.1                   ,                      ,7.1                   ,0.0625007152557373   ,                                       ,                                            ,                                      ,                                           ,                                                  ,
69             ,TSP_CITIES_SET_69_N_9.json,CPU                        ,particle_swarm_tsp,                  ,                      ,[]      ,False              ,                       ,                       ,[]         ,            ,PSO_POP_100_ALPHA_0_5_BETA_0_4_NR_ITER_100,"{'suffix': 'PSO_POP_100_ALPHA_0_5_BETA_0_4_NR_ITER_100', 'size_of_population': 100, 'alpha': 0.5, 'beta': 0.4, 'max_iterations': 100}",7.1                                                                                                                                    ,7.1                   ,                      ,7.1                   ,0.06383252143859862  ,                                       ,                                            ,                                      ,                                           ,                                                  ,
70             ,TSP_CITIES_SET_70_N_9.json,CPU                        ,particle_swarm_tsp,                  ,                      ,[]      ,False              ,                       ,                       ,[]         ,            ,PSO_POP_100_ALPHA_0_5_BETA_0_4_NR_ITER_100,"{'suffix': 'PSO_POP_100_ALPHA_0_5_BETA_0_4_NR_ITER_100', 'size_of_population': 100, 'alpha': 0.5, 'beta': 0.4, 'max_iterations': 100}",17.5                                                                                                                                   ,17.5                  ,                      ,17.5                  ,0.09371066093444824  ,                                       ,                                            ,                                      ,                                           ,                                                  ,
71             ,TSP_CITIES_SET_71_N_9.json,CPU                        ,particle_swarm_tsp,                  ,                      ,[]      ,False              ,                       ,                       ,[]         ,            ,PSO_POP_100_ALPHA_0_5_BETA_0_4_NR_ITER_100,"{'suffix': 'PSO_POP_100_ALPHA_0_5_BETA_0_4_NR_ITER_100', 'size_of_population': 100, 'alpha': 0.5, 'beta': 0.4, 'max_iterations': 100}",21.4                                                                                                                                   ,21.4                  ,                      ,21.4                  ,0.07815909385681152  ,                                       ,                                            ,                                      ,                                           ,                                                  ,
72             ,TSP_CITIES_SET_72_N_9.json,CPU                        ,particle_swarm_tsp,                  ,                      ,[]      ,False              ,                       ,                       ,[]         ,            ,PSO_POP_100_ALPHA_0_5_BETA_0_4_NR_ITER_100,"{'suffix': 'PSO_POP_100_ALPHA_0_5_BETA_0_4_NR_ITER_100', 'size_of_population': 100, 'alpha': 0.5, 'beta': 0.4, 'max_iterations': 100}",7.1                                                                                                                                    ,7.1                   ,                      ,7.1                   ,0.06249809265136719  ,                                       ,                                            ,                                      ,                                           ,                                                  ,
73             ,TSP_CITIES_SET_73_N_9.json,CPU                        ,particle_swarm_tsp,                  ,                      ,[]      ,False              ,                       ,                       ,[]         ,            ,PSO_POP_100_ALPHA_0_5_BETA_0_4_NR_ITER_100,"{'suffix': 'PSO_POP_100_ALPHA_0_5_BETA_0_4_NR_ITER_100', 'size_of_population': 100, 'alpha': 0.5, 'beta': 0.4, 'max_iterations': 100}",8.9                                                                                                                                    ,8.9                   ,                      ,8.9                   ,0.07812309265136719  ,                                       ,                                            ,                                      ,                                           ,                                                  ,
74             ,TSP_CITIES_SET_74_N_9.json,CPU                        ,particle_swarm_tsp,                  ,                      ,[]      ,False              ,                       ,                       ,[]         ,            ,PSO_POP_100_ALPHA_0_5_BETA_0_4_NR_ITER_100,"{'suffix': 'PSO_POP_100_ALPHA_0_5_BETA_0_4_NR_ITER_100', 'size_of_population': 100, 'alpha': 0.5, 'beta': 0.4, 'max_iterations': 100}",8.9                                                                                                                                    ,8.9                   ,                      ,8.9                   ,0.07816362380981445  ,                                       ,                                            ,                                      ,                                           ,                                                  ,
75             ,TSP_CITIES_SET_75_N_9.json,CPU                        ,particle_swarm_tsp,                  ,                      ,[]      ,False              ,                       ,                       ,[]         ,            ,PSO_POP_100_ALPHA_0_5_BETA_0_4_NR_ITER_100,"{'suffix': 'PSO_POP_100_ALPHA_0_5_BETA_0_4_NR_ITER_100', 'size_of_population': 100, 'alpha': 0.5, 'beta': 0.4, 'max_iterations': 100}",7.1                                                                                                                                    ,7.1                   ,                      ,7.1                   ,0.06252932548522949  ,                                       ,                                            ,                                      ,                                           ,                                                  ,
76             ,TSP_CITIES_SET_76_N_9.json,CPU                        ,particle_swarm_tsp,                  ,                      ,[]      ,False              ,                       ,                       ,[]         ,            ,PSO_POP_100_ALPHA_0_5_BETA_0_4_NR_ITER_100,"{'suffix': 'PSO_POP_100_ALPHA_0_5_BETA_0_4_NR_ITER_100', 'size_of_population': 100, 'alpha': 0.5, 'beta': 0.4, 'max_iterations': 100}",7.3                                                                                                                                    ,7.3                   ,                      ,7.3                   ,0.06245732307434083  ,                                       ,                                            ,                                      ,                                           ,                                                  ,
77             ,TSP_CITIES_SET_77_N_9.json,CPU                        ,particle_swarm_tsp,                  ,                      ,[]      ,False              ,                       ,                       ,[]         ,            ,PSO_POP_100_ALPHA_0_5_BETA_0_4_NR_ITER_100,"{'suffix': 'PSO_POP_100_ALPHA_0_5_BETA_0_4_NR_ITER_100', 'size_of_population': 100, 'alpha': 0.5, 'beta': 0.4, 'max_iterations': 100}",20.3                                                                                                                                   ,20.3                  ,                      ,20.3                  ,0.0781705379486084   ,                                       ,                                            ,                                      ,                                           ,                                                  ,
78             ,TSP_CITIES_SET_78_N_9.json,CPU                        ,particle_swarm_tsp,                  ,                      ,[]      ,False              ,                       ,                       ,[]         ,            ,PSO_POP_100_ALPHA_0_5_BETA_0_4_NR_ITER_100,"{'suffix': 'PSO_POP_100_ALPHA_0_5_BETA_0_4_NR_ITER_100', 'size_of_population': 100, 'alpha': 0.5, 'beta': 0.4, 'max_iterations': 100}",7.0                                                                                                                                    ,7.0                   ,                      ,7.0                   ,0.0624990463256836   ,                                       ,                                            ,                                      ,                                           ,                                                  ,
79             ,TSP_CITIES_SET_79_N_9.json,CPU                        ,particle_swarm_tsp,                  ,                      ,[]      ,False              ,                       ,                       ,[]         ,            ,PSO_POP_100_ALPHA_0_5_BETA_0_4_NR_ITER_100,"{'suffix': 'PSO_POP_100_ALPHA_0_5_BETA_0_4_NR_ITER_100', 'size_of_population': 100, 'alpha': 0.5, 'beta': 0.4, 'max_iterations': 100}",6.2                                                                                                                                    ,6.2                   ,                      ,6.2                   ,0.06250214576721191  ,                                       ,                                            ,                                      ,                                           ,                                                  ,
80             ,TSP_CITIES_SET_80_N_9.json,CPU                        ,particle_swarm_tsp,                  ,                      ,[]      ,False              ,                       ,                       ,[]         ,            ,PSO_POP_100_ALPHA_0_5_BETA_0_4_NR_ITER_100,"{'suffix': 'PSO_POP_100_ALPHA_0_5_BETA_0_4_NR_ITER_100', 'size_of_population': 100, 'alpha': 0.5, 'beta': 0.4, 'max_iterations': 100}",9.4                                                                                                                                    ,9.4                   ,                      ,9.4                   ,0.09378886222839357  ,                                       ,                                            ,                                      ,                                           ,                                                  ,
81             ,TSP_CITIES_SET_81_N_9.json,CPU                        ,particle_swarm_tsp,                  ,                      ,[]      ,False              ,                       ,                       ,[]         ,            ,PSO_POP_100_ALPHA_0_5_BETA_0_4_NR_ITER_100,"{'suffix': 'PSO_POP_100_ALPHA_0_5_BETA_0_4_NR_ITER_100', 'size_of_population': 100, 'alpha': 0.5, 'beta': 0.4, 'max_iterations': 100}",20.3                                                                                                                                   ,20.3                  ,                      ,20.3                  ,0.07812309265136719  ,                                       ,                                            ,                                      ,                                           ,                                                  ,
82             ,TSP_CITIES_SET_82_N_9.json,CPU                        ,particle_swarm_tsp,                  ,                      ,[]      ,False              ,                       ,                       ,[]         ,            ,PSO_POP_100_ALPHA_0_5_BETA_0_4_NR_ITER_100,"{'suffix': 'PSO_POP_100_ALPHA_0_5_BETA_0_4_NR_ITER_100', 'size_of_population': 100, 'alpha': 0.5, 'beta': 0.4, 'max_iterations': 100}",10.7                                                                                                                                   ,10.7                  ,                      ,10.7                  ,0.06251764297485353  ,                                       ,                                            ,                                      ,                                           ,                                                  ,
83             ,TSP_CITIES_SET_83_N_9.json,CPU                        ,particle_swarm_tsp,                  ,                      ,[]      ,False              ,                       ,                       ,[]         ,            ,PSO_POP_100_ALPHA_0_5_BETA_0_4_NR_ITER_100,"{'suffix': 'PSO_POP_100_ALPHA_0_5_BETA_0_4_NR_ITER_100', 'size_of_population': 100, 'alpha': 0.5, 'beta': 0.4, 'max_iterations': 100}",8.2                                                                                                                                    ,8.2                   ,                      ,8.2                   ,0.07812309265136719  ,                                       ,                                            ,                                      ,                                           ,                                                  ,
84             ,TSP_CITIES_SET_84_N_9.json,CPU                        ,particle_swarm_tsp,                  ,                      ,[]      ,False              ,                       ,                       ,[]         ,            ,PSO_POP_100_ALPHA_0_5_BETA_0_4_NR_ITER_100,"{'suffix': 'PSO_POP_100_ALPHA_0_5_BETA_0_4_NR_ITER_100', 'size_of_population': 100, 'alpha': 0.5, 'beta': 0.4, 'max_iterations': 100}",7.1                                                                                                                                    ,7.1                   ,                      ,7.1                   ,0.06254100799560547  ,                                       ,                                            ,                                      ,                                           ,                                                  ,
85             ,TSP_CITIES_SET_85_N_9.json,CPU                        ,particle_swarm_tsp,                  ,                      ,[]      ,False              ,                       ,                       ,[]         ,            ,PSO_POP_100_ALPHA_0_5_BETA_0_4_NR_ITER_100,"{'suffix': 'PSO_POP_100_ALPHA_0_5_BETA_0_4_NR_ITER_100', 'size_of_population': 100, 'alpha': 0.5, 'beta': 0.4, 'max_iterations': 100}",6.2                                                                                                                                    ,6.2                   ,                      ,6.2                   ,0.0625               ,                                       ,                                            ,                                      ,                                           ,                                                  ,
86             ,TSP_CITIES_SET_86_N_9.json,CPU                        ,particle_swarm_tsp,                  ,                      ,[]      ,False              ,                       ,                       ,[]         ,            ,PSO_POP_100_ALPHA_0_5_BETA_0_4_NR_ITER_100,"{'suffix': 'PSO_POP_100_ALPHA_0_5_BETA_0_4_NR_ITER_100', 'size_of_population': 100, 'alpha': 0.5, 'beta': 0.4, 'max_iterations': 100}",20.0                                                                                                                                   ,20.0                  ,                      ,20.0                  ,0.062497377395629876 ,                                       ,                                            ,                                      ,                                           ,                                                  ,
87             ,TSP_CITIES_SET_87_N_9.json,CPU                        ,particle_swarm_tsp,                  ,                      ,[]      ,False              ,                       ,                       ,[]         ,            ,PSO_POP_100_ALPHA_0_5_BETA_0_4_NR_ITER_100,"{'suffix': 'PSO_POP_100_ALPHA_0_5_BETA_0_4_NR_ITER_100', 'size_of_population': 100, 'alpha': 0.5, 'beta': 0.4, 'max_iterations': 100}",7.1                                                                                                                                    ,7.1                   ,                      ,7.1                   ,0.06253671646118164  ,                                       ,                                            ,                                      ,                                           ,                                                  ,
88             ,TSP_CITIES_SET_88_N_9.json,CPU                        ,particle_swarm_tsp,                  ,                      ,[]      ,False              ,                       ,                       ,[]         ,            ,PSO_POP_100_ALPHA_0_5_BETA_0_4_NR_ITER_100,"{'suffix': 'PSO_POP_100_ALPHA_0_5_BETA_0_4_NR_ITER_100', 'size_of_population': 100, 'alpha': 0.5, 'beta': 0.4, 'max_iterations': 100}",7.8                                                                                                                                    ,7.8                   ,                      ,7.8                   ,0.07812857627868652  ,                                       ,                                            ,                                      ,                                           ,                                                  ,
89             ,TSP_CITIES_SET_89_N_9.json,CPU                        ,particle_swarm_tsp,                  ,                      ,[]      ,False              ,                       ,                       ,[]         ,            ,PSO_POP_100_ALPHA_0_5_BETA_0_4_NR_ITER_100,"{'suffix': 'PSO_POP_100_ALPHA_0_5_BETA_0_4_NR_ITER_100', 'size_of_population': 100, 'alpha': 0.5, 'beta': 0.4, 'max_iterations': 100}",8.9                                                                                                                                    ,8.9                   ,                      ,8.9                   ,0.07811856269836426  ,                                       ,                                            ,                                      ,                                           ,                                                  ,
9              ,90                        ,TSP_CITIES_SET_90_N_9.json ,CPU               ,particle_swarm_tsp,nan                   ,nan     ,[]                 ,False                  ,nan                    ,nan        ,[]          ,nan                                       ,PSO_POP_100_ALPHA_0_5_BETA_0_4_NR_ITER_100                                                                                             ,"{'suffix': 'PSO_POP_100_ALPHA_0_5_BETA_0_4_NR_ITER_100', 'size_of_population': 100, 'alpha': 0.5, 'beta': 0.4, 'max_iterations': 100}",26.3                  ,26.3                  ,nan                   ,26.3                 ,0.0927891731262207                     ,nan                                         ,nan                                   ,nan                                        ,nan                                               ,nan                                                    ,nan
9              ,91                        ,TSP_CITIES_SET_91_N_9.json ,CPU               ,particle_swarm_tsp,nan                   ,nan     ,[]                 ,False                  ,nan                    ,nan        ,[]          ,nan                                       ,PSO_POP_100_ALPHA_0_5_BETA_0_4_NR_ITER_100                                                                                             ,"{'suffix': 'PSO_POP_100_ALPHA_0_5_BETA_0_4_NR_ITER_100', 'size_of_population': 100, 'alpha': 0.5, 'beta': 0.4, 'max_iterations': 100}",9.4                   ,9.4                   ,nan                   ,9.4                  ,0.062497854232788086                   ,nan                                         ,nan                                   ,nan                                        ,nan                                               ,nan                                                    ,nan
9              ,92                        ,TSP_CITIES_SET_92_N_9.json ,CPU               ,particle_swarm_tsp,nan                   ,nan     ,[]                 ,False                  ,nan                    ,nan        ,[]          ,nan                                       ,PSO_POP_100_ALPHA_0_5_BETA_0_4_NR_ITER_100                                                                                             ,"{'suffix': 'PSO_POP_100_ALPHA_0_5_BETA_0_4_NR_ITER_100', 'size_of_population': 100, 'alpha': 0.5, 'beta': 0.4, 'max_iterations': 100}",15.6                  ,15.6                  ,nan                   ,15.6                 ,0.0625002384185791                     ,nan                                         ,nan                                   ,nan                                        ,nan                                               ,nan                                                    ,nan
9              ,93                        ,TSP_CITIES_SET_93_N_9.json ,CPU               ,particle_swarm_tsp,nan                   ,nan     ,[]                 ,False                  ,nan                    ,nan        ,[]          ,nan                                       ,PSO_POP_100_ALPHA_0_5_BETA_0_4_NR_ITER_100                                                                                             ,"{'suffix': 'PSO_POP_100_ALPHA_0_5_BETA_0_4_NR_ITER_100', 'size_of_population': 100, 'alpha': 0.5, 'beta': 0.4, 'max_iterations': 100}",20.3                  ,20.3                  ,nan                   ,20.3                 ,0.07815837860107422                    ,nan                                         ,nan                                   ,nan                                        ,nan                                               ,nan                                                    ,nan
9              ,94                        ,TSP_CITIES_SET_94_N_9.json ,CPU               ,particle_swarm_tsp,nan                   ,nan     ,[]                 ,False                  ,nan                    ,nan        ,[]          ,nan                                       ,PSO_POP_100_ALPHA_0_5_BETA_0_4_NR_ITER_100                                                                                             ,"{'suffix': 'PSO_POP_100_ALPHA_0_5_BETA_0_4_NR_ITER_100', 'size_of_population': 100, 'alpha': 0.5, 'beta': 0.4, 'max_iterations': 100}",10.7                  ,10.7                  ,nan                   ,10.7                 ,0.0937659740447998                     ,nan                                         ,nan                                   ,nan                                        ,nan                                               ,nan                                                    ,nan
9              ,95                        ,TSP_CITIES_SET_95_N_9.json ,CPU               ,particle_swarm_tsp,nan                   ,nan     ,[]                 ,False                  ,nan                    ,nan        ,[]          ,nan                                       ,PSO_POP_100_ALPHA_0_5_BETA_0_4_NR_ITER_100                                                                                             ,"{'suffix': 'PSO_POP_100_ALPHA_0_5_BETA_0_4_NR_ITER_100', 'size_of_population': 100, 'alpha': 0.5, 'beta': 0.4, 'max_iterations': 100}",7.5                   ,7.5                   ,nan                   ,7.5                  ,0.06249737739562988                    ,nan                                         ,nan                                   ,nan                                        ,nan                                               ,nan                                                    ,nan
9              ,96                        ,TSP_CITIES_SET_96_N_9.json ,CPU               ,particle_swarm_tsp,nan                   ,nan     ,[]                 ,False                  ,nan                    ,nan        ,[]          ,nan                                       ,PSO_POP_100_ALPHA_0_5_BETA_0_4_NR_ITER_100                                                                                             ,"{'suffix': 'PSO_POP_100_ALPHA_0_5_BETA_0_4_NR_ITER_100', 'size_of_population': 100, 'alpha': 0.5, 'beta': 0.4, 'max_iterations': 100}",9.4                   ,9.4                   ,nan                   ,9.4                  ,0.0937345027923584                     ,nan                                         ,nan                                   ,nan                                        ,nan                                               ,nan                                                    ,nan
9              ,97                        ,TSP_CITIES_SET_97_N_9.json ,CPU               ,particle_swarm_tsp,nan                   ,nan     ,[]                 ,False                  ,nan                    ,nan        ,[]          ,nan                                       ,PSO_POP_100_ALPHA_0_5_BETA_0_4_NR_ITER_100                                                                                             ,"{'suffix': 'PSO_POP_100_ALPHA_0_5_BETA_0_4_NR_ITER_100', 'size_of_population': 100, 'alpha': 0.5, 'beta': 0.4, 'max_iterations': 100}",8.9                   ,8.9                   ,nan                   ,8.9                  ,0.0781557559967041                     ,nan                                         ,nan                                   ,nan                                        ,nan                                               ,nan                                                    ,nan
9              ,98                        ,TSP_CITIES_SET_98_N_9.json ,CPU               ,particle_swarm_tsp,nan                   ,nan     ,[]                 ,False                  ,nan                    ,nan        ,[]          ,nan                                       ,PSO_POP_100_ALPHA_0_5_BETA_0_4_NR_ITER_100                                                                                             ,"{'suffix': 'PSO_POP_100_ALPHA_0_5_BETA_0_4_NR_ITER_100', 'size_of_population': 100, 'alpha': 0.5, 'beta': 0.4, 'max_iterations': 100}",9.4                   ,9.4                   ,nan                   ,9.4                  ,0.06249880790710449                    ,nan                                         ,nan                                   ,nan                                        ,nan                                               ,nan                                                    ,nan
9              ,99                        ,TSP_CITIES_SET_99_N_9.json ,CPU               ,particle_swarm_tsp,nan                   ,nan     ,[]                 ,False                  ,nan                    ,nan        ,[]          ,nan                                       ,PSO_POP_100_ALPHA_0_5_BETA_0_4_NR_ITER_100                                                                                             ,"{'suffix': 'PSO_POP_100_ALPHA_0_5_BETA_0_4_NR_ITER_100', 'size_of_population': 100, 'alpha': 0.5, 'beta': 0.4, 'max_iterations': 100}",7.1                   ,7.1                   ,nan                   ,7.1                  ,0.062493324279785156                   ,nan                                         ,nan                                   ,nan                                        ,nan                                               ,nan                                                    ,nan
10             ,0                         ,TSP_CITIES_SET_0_N_10.json ,CPU               ,particle_swarm_tsp,nan                   ,nan     ,[]                 ,False                  ,nan                    ,nan        ,[]          ,nan                                       ,PSO_POP_100_ALPHA_0_5_BETA_0_4_NR_ITER_100                                                                                             ,"{'suffix': 'PSO_POP_100_ALPHA_0_5_BETA_0_4_NR_ITER_100', 'size_of_population': 100, 'alpha': 0.5, 'beta': 0.4, 'max_iterations': 100}",7.9                   ,7.9                   ,nan                   ,7.9                  ,0.07810688018798828                    ,nan                                         ,nan                                   ,nan                                        ,nan                                               ,nan                                                    ,nan
10             ,1                         ,TSP_CITIES_SET_1_N_10.json ,CPU               ,particle_swarm_tsp,nan                   ,nan     ,[]                 ,False                  ,nan                    ,nan        ,[]          ,nan                                       ,PSO_POP_100_ALPHA_0_5_BETA_0_4_NR_ITER_100                                                                                             ,"{'suffix': 'PSO_POP_100_ALPHA_0_5_BETA_0_4_NR_ITER_100', 'size_of_population': 100, 'alpha': 0.5, 'beta': 0.4, 'max_iterations': 100}",21.9                  ,21.9                  ,nan                   ,21.9                 ,0.0937492847442627                     ,nan                                         ,nan                                   ,nan                                        ,nan                                               ,nan                                                    ,nan
10             ,2                         ,TSP_CITIES_SET_2_N_10.json ,CPU               ,particle_swarm_tsp,nan                   ,nan     ,[]                 ,False                  ,nan                    ,nan        ,[]          ,nan                                       ,PSO_POP_100_ALPHA_0_5_BETA_0_4_NR_ITER_100                                                                                             ,"{'suffix': 'PSO_POP_100_ALPHA_0_5_BETA_0_4_NR_ITER_100', 'size_of_population': 100, 'alpha': 0.5, 'beta': 0.4, 'max_iterations': 100}",7.1                   ,7.1                   ,nan                   ,7.1                  ,0.06249880790710449                    ,nan                                         ,nan                                   ,nan                                        ,nan                                               ,nan                                                    ,nan
10             ,3                         ,TSP_CITIES_SET_3_N_10.json ,CPU               ,particle_swarm_tsp,nan                   ,nan     ,[]                 ,False                  ,nan                    ,nan        ,[]          ,nan                                       ,PSO_POP_100_ALPHA_0_5_BETA_0_4_NR_ITER_100                                                                                             ,"{'suffix': 'PSO_POP_100_ALPHA_0_5_BETA_0_4_NR_ITER_100', 'size_of_population': 100, 'alpha': 0.5, 'beta': 0.4, 'max_iterations': 100}",6.2                   ,6.2                   ,nan                   ,6.2                  ,0.0624995231628418                     ,nan                                         ,nan                                   ,nan                                        ,nan                                               ,nan                                                    ,nan
10             ,4                         ,TSP_CITIES_SET_4_N_10.json ,CPU               ,particle_swarm_tsp,nan                   ,nan     ,[]                 ,False                  ,nan                    ,nan        ,[]          ,nan                                       ,PSO_POP_100_ALPHA_0_5_BETA_0_4_NR_ITER_100                                                                                             ,"{'suffix': 'PSO_POP_100_ALPHA_0_5_BETA_0_4_NR_ITER_100', 'size_of_population': 100, 'alpha': 0.5, 'beta': 0.4, 'max_iterations': 100}",7.1                   ,7.1                   ,nan                   ,7.1                  ,0.062497854232788086                   ,nan                                         ,nan                                   ,nan                                        ,nan                                               ,nan                                                    ,nan
10             ,5                         ,TSP_CITIES_SET_5_N_10.json ,CPU               ,particle_swarm_tsp,nan                   ,nan     ,[]                 ,False                  ,nan                    ,nan        ,[]          ,nan                                       ,PSO_POP_100_ALPHA_0_5_BETA_0_4_NR_ITER_100                                                                                             ,"{'suffix': 'PSO_POP_100_ALPHA_0_5_BETA_0_4_NR_ITER_100', 'size_of_population': 100, 'alpha': 0.5, 'beta': 0.4, 'max_iterations': 100}",11.5                  ,11.5                  ,nan                   ,11.5                 ,0.1093752384185791                     ,nan                                         ,nan                                   ,nan                                        ,nan                                               ,nan                                                    ,nan
10             ,6                         ,TSP_CITIES_SET_6_N_10.json ,CPU               ,particle_swarm_tsp,nan                   ,nan     ,[]                 ,False                  ,nan                    ,nan        ,[]          ,nan                                       ,PSO_POP_100_ALPHA_0_5_BETA_0_4_NR_ITER_100                                                                                             ,"{'suffix': 'PSO_POP_100_ALPHA_0_5_BETA_0_4_NR_ITER_100', 'size_of_population': 100, 'alpha': 0.5, 'beta': 0.4, 'max_iterations': 100}",8.1                   ,8.1                   ,nan                   ,8.1                  ,0.0781397819519043                     ,nan                                         ,nan                                   ,nan                                        ,nan                                               ,nan                                                    ,nan
10             ,7                         ,TSP_CITIES_SET_7_N_10.json ,CPU               ,particle_swarm_tsp,nan                   ,nan     ,[]                 ,False                  ,nan                    ,nan        ,[]          ,nan                                       ,PSO_POP_100_ALPHA_0_5_BETA_0_4_NR_ITER_100                                                                                             ,"{'suffix': 'PSO_POP_100_ALPHA_0_5_BETA_0_4_NR_ITER_100', 'size_of_population': 100, 'alpha': 0.5, 'beta': 0.4, 'max_iterations': 100}",7.1                   ,7.1                   ,nan                   ,7.1                  ,0.062499046325683594                   ,nan                                         ,nan                                   ,nan                                        ,nan                                               ,nan                                                    ,nan
10             ,8                         ,TSP_CITIES_SET_8_N_10.json ,CPU               ,particle_swarm_tsp,nan                   ,nan     ,[]                 ,False                  ,nan                    ,nan        ,[]          ,nan                                       ,PSO_POP_100_ALPHA_0_5_BETA_0_4_NR_ITER_100                                                                                             ,"{'suffix': 'PSO_POP_100_ALPHA_0_5_BETA_0_4_NR_ITER_100', 'size_of_population': 100, 'alpha': 0.5, 'beta': 0.4, 'max_iterations': 100}",10.7                  ,10.7                  ,nan                   ,10.7                 ,0.09374856948852539                    ,nan                                         ,nan                                   ,nan                                        ,nan                                               ,nan                                                    ,nan
10             ,9                         ,TSP_CITIES_SET_9_N_10.json ,CPU               ,particle_swarm_tsp,nan                   ,nan     ,[]                 ,False                  ,nan                    ,nan        ,[]          ,nan                                       ,PSO_POP_100_ALPHA_0_5_BETA_0_4_NR_ITER_100                                                                                             ,"{'suffix': 'PSO_POP_100_ALPHA_0_5_BETA_0_4_NR_ITER_100', 'size_of_population': 100, 'alpha': 0.5, 'beta': 0.4, 'max_iterations': 100}",9.4                   ,9.4                   ,nan                   ,9.4                  ,0.07816123962402344                    ,nan                                         ,nan                                   ,nan                                        ,nan                                               ,nan                                                    ,nan
10             ,10                        ,TSP_CITIES_SET_10_N_10.json,CPU               ,particle_swarm_tsp,nan                   ,nan     ,[]                 ,False                  ,nan                    ,nan        ,[]          ,nan                                       ,PSO_POP_100_ALPHA_0_5_BETA_0_4_NR_ITER_100                                                                                             ,"{'suffix': 'PSO_POP_100_ALPHA_0_5_BETA_0_4_NR_ITER_100', 'size_of_population': 100, 'alpha': 0.5, 'beta': 0.4, 'max_iterations': 100}",9.4                   ,9.4                   ,nan                   ,9.4                  ,0.07812237739562988                    ,nan                                         ,nan                                   ,nan                                        ,nan                                               ,nan                                                    ,nan
10             ,11                        ,TSP_CITIES_SET_11_N_10.json,CPU               ,particle_swarm_tsp,nan                   ,nan     ,[]                 ,False                  ,nan                    ,nan        ,[]          ,nan                                       ,PSO_POP_100_ALPHA_0_5_BETA_0_4_NR_ITER_100                                                                                             ,"{'suffix': 'PSO_POP_100_ALPHA_0_5_BETA_0_4_NR_ITER_100', 'size_of_population': 100, 'alpha': 0.5, 'beta': 0.4, 'max_iterations': 100}",20.6                  ,20.6                  ,nan                   ,20.6                 ,0.07812190055847168                    ,nan                                         ,nan                                   ,nan                                        ,nan                                               ,nan                                                    ,nan
10             ,12                        ,TSP_CITIES_SET_12_N_10.json,CPU               ,particle_swarm_tsp,nan                   ,nan     ,[]                 ,False                  ,nan                    ,nan        ,[]          ,nan                                       ,PSO_POP_100_ALPHA_0_5_BETA_0_4_NR_ITER_100                                                                                             ,"{'suffix': 'PSO_POP_100_ALPHA_0_5_BETA_0_4_NR_ITER_100', 'size_of_population': 100, 'alpha': 0.5, 'beta': 0.4, 'max_iterations': 100}",7.4                   ,7.4                   ,nan                   ,7.4                  ,0.0625157356262207                     ,nan                                         ,nan                                   ,nan                                        ,nan                                               ,nan                                                    ,nan
10             ,13                        ,TSP_CITIES_SET_13_N_10.json,CPU               ,particle_swarm_tsp,nan                   ,nan     ,[]                 ,False                  ,nan                    ,nan        ,[]          ,nan                                       ,PSO_POP_100_ALPHA_0_5_BETA_0_4_NR_ITER_100                                                                                             ,"{'suffix': 'PSO_POP_100_ALPHA_0_5_BETA_0_4_NR_ITER_100', 'size_of_population': 100, 'alpha': 0.5, 'beta': 0.4, 'max_iterations': 100}",8.8                   ,8.8                   ,nan                   ,8.8                  ,0.07810640335083008                    ,nan                                         ,nan                                   ,nan                                        ,nan                                               ,nan                                                    ,nan
10             ,14                        ,TSP_CITIES_SET_14_N_10.json,CPU               ,particle_swarm_tsp,nan                   ,nan     ,[]                 ,False                  ,nan                    ,nan        ,[]          ,nan                                       ,PSO_POP_100_ALPHA_0_5_BETA_0_4_NR_ITER_100                                                                                             ,"{'suffix': 'PSO_POP_100_ALPHA_0_5_BETA_0_4_NR_ITER_100', 'size_of_population': 100, 'alpha': 0.5, 'beta': 0.4, 'max_iterations': 100}",23.2                  ,23.2                  ,nan                   ,23.2                 ,0.09378528594970703                    ,nan                                         ,nan                                   ,nan                                        ,nan                                               ,nan                                                    ,nan
10             ,15                        ,TSP_CITIES_SET_15_N_10.json,CPU               ,particle_swarm_tsp,nan                   ,nan     ,[]                 ,False                  ,nan                    ,nan        ,[]          ,nan                                       ,PSO_POP_100_ALPHA_0_5_BETA_0_4_NR_ITER_100                                                                                             ,"{'suffix': 'PSO_POP_100_ALPHA_0_5_BETA_0_4_NR_ITER_100', 'size_of_population': 100, 'alpha': 0.5, 'beta': 0.4, 'max_iterations': 100}",6.2                   ,6.2                   ,nan                   ,6.2                  ,0.06249880790710449                    ,nan                                         ,nan                                   ,nan                                        ,nan                                               ,nan                                                    ,nan
10             ,16                        ,TSP_CITIES_SET_16_N_10.json,CPU               ,particle_swarm_tsp,nan                   ,nan     ,[]                 ,False                  ,nan                    ,nan        ,[]          ,nan                                       ,PSO_POP_100_ALPHA_0_5_BETA_0_4_NR_ITER_100                                                                                             ,"{'suffix': 'PSO_POP_100_ALPHA_0_5_BETA_0_4_NR_ITER_100', 'size_of_population': 100, 'alpha': 0.5, 'beta': 0.4, 'max_iterations': 100}",7.0                   ,7.0                   ,nan                   ,7.0                  ,0.06249713897705078                    ,nan                                         ,nan                                   ,nan                                        ,nan                                               ,nan                                                    ,nan
10             ,17                        ,TSP_CITIES_SET_17_N_10.json,CPU               ,particle_swarm_tsp,nan                   ,nan     ,[]                 ,False                  ,nan                    ,nan        ,[]          ,nan                                       ,PSO_POP_100_ALPHA_0_5_BETA_0_4_NR_ITER_100                                                                                             ,"{'suffix': 'PSO_POP_100_ALPHA_0_5_BETA_0_4_NR_ITER_100', 'size_of_population': 100, 'alpha': 0.5, 'beta': 0.4, 'max_iterations': 100}",32.1                  ,32.1                  ,nan                   ,32.1                 ,0.0781252384185791                     ,nan                                         ,nan                                   ,nan                                        ,nan                                               ,nan                                                    ,nan
10             ,18                        ,TSP_CITIES_SET_18_N_10.json,CPU               ,particle_swarm_tsp,nan                   ,nan     ,[]                 ,False                  ,nan                    ,nan        ,[]          ,nan                                       ,PSO_POP_100_ALPHA_0_5_BETA_0_4_NR_ITER_100                                                                                             ,"{'suffix': 'PSO_POP_100_ALPHA_0_5_BETA_0_4_NR_ITER_100', 'size_of_population': 100, 'alpha': 0.5, 'beta': 0.4, 'max_iterations': 100}",7.3                   ,7.3                   ,nan                   ,7.3                  ,0.06248283386230469                    ,nan                                         ,nan                                   ,nan                                        ,nan                                               ,nan                                                    ,nan
10             ,19                        ,TSP_CITIES_SET_19_N_10.json,CPU               ,particle_swarm_tsp,nan                   ,nan     ,[]                 ,False                  ,nan                    ,nan        ,[]          ,nan                                       ,PSO_POP_100_ALPHA_0_5_BETA_0_4_NR_ITER_100                                                                                             ,"{'suffix': 'PSO_POP_100_ALPHA_0_5_BETA_0_4_NR_ITER_100', 'size_of_population': 100, 'alpha': 0.5, 'beta': 0.4, 'max_iterations': 100}",7.1                   ,7.1                   ,nan                   ,7.1                  ,0.06249690055847168                    ,nan                                         ,nan                                   ,nan                                        ,nan                                               ,nan                                                    ,nan
10             ,20                        ,TSP_CITIES_SET_20_N_10.json,CPU               ,particle_swarm_tsp,nan                   ,nan     ,[]                 ,False                  ,nan                    ,nan        ,[]          ,nan                                       ,PSO_POP_100_ALPHA_0_5_BETA_0_4_NR_ITER_100                                                                                             ,"{'suffix': 'PSO_POP_100_ALPHA_0_5_BETA_0_4_NR_ITER_100', 'size_of_population': 100, 'alpha': 0.5, 'beta': 0.4, 'max_iterations': 100}",8.1                   ,8.1                   ,nan                   ,8.1                  ,0.07812738418579102                    ,nan                                         ,nan                                   ,nan                                        ,nan                                               ,nan                                                    ,nan
10             ,21                        ,TSP_CITIES_SET_21_N_10.json,CPU               ,particle_swarm_tsp,nan                   ,nan     ,[]                 ,False                  ,nan                    ,nan        ,[]          ,nan                                       ,PSO_POP_100_ALPHA_0_5_BETA_0_4_NR_ITER_100                                                                                             ,"{'suffix': 'PSO_POP_100_ALPHA_0_5_BETA_0_4_NR_ITER_100', 'size_of_population': 100, 'alpha': 0.5, 'beta': 0.4, 'max_iterations': 100}",12.5                  ,12.5                  ,nan                   ,12.5                 ,0.092010498046875                      ,nan                                         ,nan                                   ,nan                                        ,nan                                               ,nan                                                    ,nan
10             ,22                        ,TSP_CITIES_SET_22_N_10.json,CPU               ,particle_swarm_tsp,nan                   ,nan     ,[]                 ,False                  ,nan                    ,nan        ,[]          ,nan                                       ,PSO_POP_100_ALPHA_0_5_BETA_0_4_NR_ITER_100                                                                                             ,"{'suffix': 'PSO_POP_100_ALPHA_0_5_BETA_0_4_NR_ITER_100', 'size_of_population': 100, 'alpha': 0.5, 'beta': 0.4, 'max_iterations': 100}",8.1                   ,8.1                   ,nan                   ,8.1                  ,0.07811737060546875                    ,nan                                         ,nan                                   ,nan                                        ,nan                                               ,nan                                                    ,nan
10             ,23                        ,TSP_CITIES_SET_23_N_10.json,CPU               ,particle_swarm_tsp,nan                   ,nan     ,[]                 ,False                  ,nan                    ,nan        ,[]          ,nan                                       ,PSO_POP_100_ALPHA_0_5_BETA_0_4_NR_ITER_100                                                                                             ,"{'suffix': 'PSO_POP_100_ALPHA_0_5_BETA_0_4_NR_ITER_100', 'size_of_population': 100, 'alpha': 0.5, 'beta': 0.4, 'max_iterations': 100}",9.8                   ,9.8                   ,nan                   ,9.8                  ,0.09374666213989258                    ,nan                                         ,nan                                   ,nan                                        ,nan                                               ,nan                                                    ,nan
10             ,24                        ,TSP_CITIES_SET_24_N_10.json,CPU               ,particle_swarm_tsp,nan                   ,nan     ,[]                 ,False                  ,nan                    ,nan        ,[]          ,nan                                       ,PSO_POP_100_ALPHA_0_5_BETA_0_4_NR_ITER_100                                                                                             ,"{'suffix': 'PSO_POP_100_ALPHA_0_5_BETA_0_4_NR_ITER_100', 'size_of_population': 100, 'alpha': 0.5, 'beta': 0.4, 'max_iterations': 100}",7.0                   ,7.0                   ,nan                   ,7.0                  ,0.06249380111694336                    ,nan                                         ,nan                                   ,nan                                        ,nan                                               ,nan                                                    ,nan
10             ,25                        ,TSP_CITIES_SET_25_N_10.json,CPU               ,particle_swarm_tsp,nan                   ,nan     ,[]                 ,False                  ,nan                    ,nan        ,[]          ,nan                                       ,PSO_POP_100_ALPHA_0_5_BETA_0_4_NR_ITER_100                                                                                             ,"{'suffix': 'PSO_POP_100_ALPHA_0_5_BETA_0_4_NR_ITER_100', 'size_of_population': 100, 'alpha': 0.5, 'beta': 0.4, 'max_iterations': 100}",12.3                  ,12.3                  ,nan                   ,12.3                 ,0.07811093330383301                    ,nan                                         ,nan                                   ,nan                                        ,nan                                               ,nan                                                    ,nan
10             ,26                        ,TSP_CITIES_SET_26_N_10.json,CPU               ,particle_swarm_tsp,nan                   ,nan     ,[]                 ,False                  ,nan                    ,nan        ,[]          ,nan                                       ,PSO_POP_100_ALPHA_0_5_BETA_0_4_NR_ITER_100                                                                                             ,"{'suffix': 'PSO_POP_100_ALPHA_0_5_BETA_0_4_NR_ITER_100', 'size_of_population': 100, 'alpha': 0.5, 'beta': 0.4, 'max_iterations': 100}",7.8                   ,7.8                   ,nan                   ,7.8                  ,0.07812213897705078                    ,nan                                         ,nan                                   ,nan                                        ,nan                                               ,nan                                                    ,nan
10             ,27                        ,TSP_CITIES_SET_27_N_10.json,CPU               ,particle_swarm_tsp,nan                   ,nan     ,[]                 ,False                  ,nan                    ,nan        ,[]          ,nan                                       ,PSO_POP_100_ALPHA_0_5_BETA_0_4_NR_ITER_100                                                                                             ,"{'suffix': 'PSO_POP_100_ALPHA_0_5_BETA_0_4_NR_ITER_100', 'size_of_population': 100, 'alpha': 0.5, 'beta': 0.4, 'max_iterations': 100}",20.9                  ,20.9                  ,nan                   ,20.9                 ,0.09371280670166016                    ,nan                                         ,nan                                   ,nan                                        ,nan                                               ,nan                                                    ,nan
10             ,28                        ,TSP_CITIES_SET_28_N_10.json,CPU               ,particle_swarm_tsp,nan                   ,nan     ,[]                 ,False                  ,nan                    ,nan        ,[]          ,nan                                       ,PSO_POP_100_ALPHA_0_5_BETA_0_4_NR_ITER_100                                                                                             ,"{'suffix': 'PSO_POP_100_ALPHA_0_5_BETA_0_4_NR_ITER_100', 'size_of_population': 100, 'alpha': 0.5, 'beta': 0.4, 'max_iterations': 100}",10.7                  ,10.7                  ,nan                   ,10.7                 ,0.07699131965637207                    ,nan                                         ,nan                                   ,nan                                        ,nan                                               ,nan                                                    ,nan
10             ,29                        ,TSP_CITIES_SET_29_N_10.json,CPU               ,particle_swarm_tsp,nan                   ,nan     ,[]                 ,False                  ,nan                    ,nan        ,[]          ,nan                                       ,PSO_POP_100_ALPHA_0_5_BETA_0_4_NR_ITER_100                                                                                             ,"{'suffix': 'PSO_POP_100_ALPHA_0_5_BETA_0_4_NR_ITER_100', 'size_of_population': 100, 'alpha': 0.5, 'beta': 0.4, 'max_iterations': 100}",21.4                  ,21.4                  ,nan                   ,21.4                 ,0.07811999320983887                    ,nan                                         ,nan                                   ,nan                                        ,nan                                               ,nan                                                    ,nan
10             ,30                        ,TSP_CITIES_SET_30_N_10.json,CPU               ,particle_swarm_tsp,nan                   ,nan     ,[]                 ,False                  ,nan                    ,nan        ,[]          ,nan                                       ,PSO_POP_100_ALPHA_0_5_BETA_0_4_NR_ITER_100                                                                                             ,"{'suffix': 'PSO_POP_100_ALPHA_0_5_BETA_0_4_NR_ITER_100', 'size_of_population': 100, 'alpha': 0.5, 'beta': 0.4, 'max_iterations': 100}",11.3                  ,11.3                  ,nan                   ,11.3                 ,0.07759809494018555                    ,nan                                         ,nan                                   ,nan                                        ,nan                                               ,nan                                                    ,nan
10             ,31                        ,TSP_CITIES_SET_31_N_10.json,CPU               ,particle_swarm_tsp,nan                   ,nan     ,[]                 ,False                  ,nan                    ,nan        ,[]          ,nan                                       ,PSO_POP_100_ALPHA_0_5_BETA_0_4_NR_ITER_100                                                                                             ,"{'suffix': 'PSO_POP_100_ALPHA_0_5_BETA_0_4_NR_ITER_100', 'size_of_population': 100, 'alpha': 0.5, 'beta': 0.4, 'max_iterations': 100}",6.2                   ,6.2                   ,nan                   ,6.2                  ,0.06250405311584473                    ,nan                                         ,nan                                   ,nan                                        ,nan                                               ,nan                                                    ,nan
10             ,32                        ,TSP_CITIES_SET_32_N_10.json,CPU               ,particle_swarm_tsp,nan                   ,nan     ,[]                 ,False                  ,nan                    ,nan        ,[]          ,nan                                       ,PSO_POP_100_ALPHA_0_5_BETA_0_4_NR_ITER_100                                                                                             ,"{'suffix': 'PSO_POP_100_ALPHA_0_5_BETA_0_4_NR_ITER_100', 'size_of_population': 100, 'alpha': 0.5, 'beta': 0.4, 'max_iterations': 100}",20.6                  ,20.6                  ,nan                   ,20.6                 ,0.0781562328338623                     ,nan                                         ,nan                                   ,nan                                        ,nan                                               ,nan                                                    ,nan
10             ,33                        ,TSP_CITIES_SET_33_N_10.json,CPU               ,particle_swarm_tsp,nan                   ,nan     ,[]                 ,False                  ,nan                    ,nan        ,[]          ,nan                                       ,PSO_POP_100_ALPHA_0_5_BETA_0_4_NR_ITER_100                                                                                             ,"{'suffix': 'PSO_POP_100_ALPHA_0_5_BETA_0_4_NR_ITER_100', 'size_of_population': 100, 'alpha': 0.5, 'beta': 0.4, 'max_iterations': 100}",10.7                  ,10.7                  ,nan                   ,10.7                 ,0.07815909385681152                    ,nan                                         ,nan                                   ,nan                                        ,nan                                               ,nan                                                    ,nan
10             ,34                        ,TSP_CITIES_SET_34_N_10.json,CPU               ,particle_swarm_tsp,nan                   ,nan     ,[]                 ,False                  ,nan                    ,nan        ,[]          ,nan                                       ,PSO_POP_100_ALPHA_0_5_BETA_0_4_NR_ITER_100                                                                                             ,"{'suffix': 'PSO_POP_100_ALPHA_0_5_BETA_0_4_NR_ITER_100', 'size_of_population': 100, 'alpha': 0.5, 'beta': 0.4, 'max_iterations': 100}",12.9                  ,12.9                  ,nan                   ,12.9                 ,0.07816243171691895                    ,nan                                         ,nan                                   ,nan                                        ,nan                                               ,nan                                                    ,nan
10             ,35                        ,TSP_CITIES_SET_35_N_10.json,CPU               ,particle_swarm_tsp,nan                   ,nan     ,[]                 ,False                  ,nan                    ,nan        ,[]          ,nan                                       ,PSO_POP_100_ALPHA_0_5_BETA_0_4_NR_ITER_100                                                                                             ,"{'suffix': 'PSO_POP_100_ALPHA_0_5_BETA_0_4_NR_ITER_100', 'size_of_population': 100, 'alpha': 0.5, 'beta': 0.4, 'max_iterations': 100}",9.2                   ,9.2                   ,nan                   ,9.2                  ,0.09374022483825684                    ,nan                                         ,nan                                   ,nan                                        ,nan                                               ,nan                                                    ,nan
10             ,36                        ,TSP_CITIES_SET_36_N_10.json,CPU               ,particle_swarm_tsp,nan                   ,nan     ,[]                 ,False                  ,nan                    ,nan        ,[]          ,nan                                       ,PSO_POP_100_ALPHA_0_5_BETA_0_4_NR_ITER_100                                                                                             ,"{'suffix': 'PSO_POP_100_ALPHA_0_5_BETA_0_4_NR_ITER_100', 'size_of_population': 100, 'alpha': 0.5, 'beta': 0.4, 'max_iterations': 100}",7.8                   ,7.8                   ,nan                   ,7.8                  ,0.07815957069396973                    ,nan                                         ,nan                                   ,nan                                        ,nan                                               ,nan                                                    ,nan
10             ,37                        ,TSP_CITIES_SET_37_N_10.json,CPU               ,particle_swarm_tsp,nan                   ,nan     ,[]                 ,False                  ,nan                    ,nan        ,[]          ,nan                                       ,PSO_POP_100_ALPHA_0_5_BETA_0_4_NR_ITER_100                                                                                             ,"{'suffix': 'PSO_POP_100_ALPHA_0_5_BETA_0_4_NR_ITER_100', 'size_of_population': 100, 'alpha': 0.5, 'beta': 0.4, 'max_iterations': 100}",9.6                   ,9.6                   ,nan                   ,9.6                  ,0.07816004753112793                    ,nan                                         ,nan                                   ,nan                                        ,nan                                               ,nan                                                    ,nan
10             ,38                        ,TSP_CITIES_SET_38_N_10.json,CPU               ,particle_swarm_tsp,nan                   ,nan     ,[]                 ,False                  ,nan                    ,nan        ,[]          ,nan                                       ,PSO_POP_100_ALPHA_0_5_BETA_0_4_NR_ITER_100                                                                                             ,"{'suffix': 'PSO_POP_100_ALPHA_0_5_BETA_0_4_NR_ITER_100', 'size_of_population': 100, 'alpha': 0.5, 'beta': 0.4, 'max_iterations': 100}",6.9                   ,6.9                   ,nan                   ,6.9                  ,0.0625009536743164                     ,nan                                         ,nan                                   ,nan                                        ,nan                                               ,nan                                                    ,nan
10             ,39                        ,TSP_CITIES_SET_39_N_10.json,CPU               ,particle_swarm_tsp,nan                   ,nan     ,[]                 ,False                  ,nan                    ,nan        ,[]          ,nan                                       ,PSO_POP_100_ALPHA_0_5_BETA_0_4_NR_ITER_100                                                                                             ,"{'suffix': 'PSO_POP_100_ALPHA_0_5_BETA_0_4_NR_ITER_100', 'size_of_population': 100, 'alpha': 0.5, 'beta': 0.4, 'max_iterations': 100}",19.6                  ,19.6                  ,nan                   ,19.6                 ,0.06249666213989258                    ,nan                                         ,nan                                   ,nan                                        ,nan                                               ,nan                                                    ,nan
10             ,40                        ,TSP_CITIES_SET_40_N_10.json,CPU               ,particle_swarm_tsp,nan                   ,nan     ,[]                 ,False                  ,nan                    ,nan        ,[]          ,nan                                       ,PSO_POP_100_ALPHA_0_5_BETA_0_4_NR_ITER_100                                                                                             ,"{'suffix': 'PSO_POP_100_ALPHA_0_5_BETA_0_4_NR_ITER_100', 'size_of_population': 100, 'alpha': 0.5, 'beta': 0.4, 'max_iterations': 100}",7.1                   ,7.1                   ,nan                   ,7.1                  ,0.06247115135192871                    ,nan                                         ,nan                                   ,nan                                        ,nan                                               ,nan                                                    ,nan
10             ,41                        ,TSP_CITIES_SET_41_N_10.json,CPU               ,particle_swarm_tsp,nan                   ,nan     ,[]                 ,False                  ,nan                    ,nan        ,[]          ,nan                                       ,PSO_POP_100_ALPHA_0_5_BETA_0_4_NR_ITER_100                                                                                             ,"{'suffix': 'PSO_POP_100_ALPHA_0_5_BETA_0_4_NR_ITER_100', 'size_of_population': 100, 'alpha': 0.5, 'beta': 0.4, 'max_iterations': 100}",8.6                   ,8.6                   ,nan                   ,8.6                  ,0.06238389015197754                    ,nan                                         ,nan                                   ,nan                                        ,nan                                               ,nan                                                    ,nan
10             ,42                        ,TSP_CITIES_SET_42_N_10.json,CPU               ,particle_swarm_tsp,nan                   ,nan     ,[]                 ,False                  ,nan                    ,nan        ,[]          ,nan                                       ,PSO_POP_100_ALPHA_0_5_BETA_0_4_NR_ITER_100                                                                                             ,"{'suffix': 'PSO_POP_100_ALPHA_0_5_BETA_0_4_NR_ITER_100', 'size_of_population': 100, 'alpha': 0.5, 'beta': 0.4, 'max_iterations': 100}",24.6                  ,24.6                  ,nan                   ,24.6                 ,0.14062023162841797                    ,nan                                         ,nan                                   ,nan                                        ,nan                                               ,nan                                                    ,nan
10             ,43                        ,TSP_CITIES_SET_43_N_10.json,CPU               ,particle_swarm_tsp,nan                   ,nan     ,[]                 ,False                  ,nan                    ,nan        ,[]          ,nan                                       ,PSO_POP_100_ALPHA_0_5_BETA_0_4_NR_ITER_100                                                                                             ,"{'suffix': 'PSO_POP_100_ALPHA_0_5_BETA_0_4_NR_ITER_100', 'size_of_population': 100, 'alpha': 0.5, 'beta': 0.4, 'max_iterations': 100}",12.5                  ,12.5                  ,nan                   ,12.5                 ,0.07813835144042969                    ,nan                                         ,nan                                   ,nan                                        ,nan                                               ,nan                                                    ,nan
10             ,44                        ,TSP_CITIES_SET_44_N_10.json,CPU               ,particle_swarm_tsp,nan                   ,nan     ,[]                 ,False                  ,nan                    ,nan        ,[]          ,nan                                       ,PSO_POP_100_ALPHA_0_5_BETA_0_4_NR_ITER_100                                                                                             ,"{'suffix': 'PSO_POP_100_ALPHA_0_5_BETA_0_4_NR_ITER_100', 'size_of_population': 100, 'alpha': 0.5, 'beta': 0.4, 'max_iterations': 100}",7.1                   ,7.1                   ,nan                   ,7.1                  ,0.06245827674865723                    ,nan                                         ,nan                                   ,nan                                        ,nan                                               ,nan                                                    ,nan
10             ,45                        ,TSP_CITIES_SET_45_N_10.json,CPU               ,particle_swarm_tsp,nan                   ,nan     ,[]                 ,False                  ,nan                    ,nan        ,[]          ,nan                                       ,PSO_POP_100_ALPHA_0_5_BETA_0_4_NR_ITER_100                                                                                             ,"{'suffix': 'PSO_POP_100_ALPHA_0_5_BETA_0_4_NR_ITER_100', 'size_of_population': 100, 'alpha': 0.5, 'beta': 0.4, 'max_iterations': 100}",20.0                  ,20.0                  ,nan                   ,20.0                 ,0.07815718650817871                    ,nan                                         ,nan                                   ,nan                                        ,nan                                               ,nan                                                    ,nan
10             ,46                        ,TSP_CITIES_SET_46_N_10.json,CPU               ,particle_swarm_tsp,nan                   ,nan     ,[]                 ,False                  ,nan                    ,nan        ,[]          ,nan                                       ,PSO_POP_100_ALPHA_0_5_BETA_0_4_NR_ITER_100                                                                                             ,"{'suffix': 'PSO_POP_100_ALPHA_0_5_BETA_0_4_NR_ITER_100', 'size_of_population': 100, 'alpha': 0.5, 'beta': 0.4, 'max_iterations': 100}",12.1                  ,12.1                  ,nan                   ,12.1                 ,0.09430408477783203                    ,nan                                         ,nan                                   ,nan                                        ,nan                                               ,nan                                                    ,nan
10             ,47                        ,TSP_CITIES_SET_47_N_10.json,CPU               ,particle_swarm_tsp,nan                   ,nan     ,[]                 ,False                  ,nan                    ,nan        ,[]          ,nan                                       ,PSO_POP_100_ALPHA_0_5_BETA_0_4_NR_ITER_100                                                                                             ,"{'suffix': 'PSO_POP_100_ALPHA_0_5_BETA_0_4_NR_ITER_100', 'size_of_population': 100, 'alpha': 0.5, 'beta': 0.4, 'max_iterations': 100}",8.1                   ,8.1                   ,nan                   ,8.1                  ,0.07809615135192871                    ,nan                                         ,nan                                   ,nan                                        ,nan                                               ,nan                                                    ,nan
10             ,48                        ,TSP_CITIES_SET_48_N_10.json,CPU               ,particle_swarm_tsp,nan                   ,nan     ,[]                 ,False                  ,nan                    ,nan        ,[]          ,nan                                       ,PSO_POP_100_ALPHA_0_5_BETA_0_4_NR_ITER_100                                                                                             ,"{'suffix': 'PSO_POP_100_ALPHA_0_5_BETA_0_4_NR_ITER_100', 'size_of_population': 100, 'alpha': 0.5, 'beta': 0.4, 'max_iterations': 100}",7.8                   ,7.8                   ,nan                   ,7.8                  ,0.07810831069946289                    ,nan                                         ,nan                                   ,nan                                        ,nan                                               ,nan                                                    ,nan
10             ,49                        ,TSP_CITIES_SET_49_N_10.json,CPU               ,particle_swarm_tsp,nan                   ,nan     ,[]                 ,False                  ,nan                    ,nan        ,[]          ,nan                                       ,PSO_POP_100_ALPHA_0_5_BETA_0_4_NR_ITER_100                                                                                             ,"{'suffix': 'PSO_POP_100_ALPHA_0_5_BETA_0_4_NR_ITER_100', 'size_of_population': 100, 'alpha': 0.5, 'beta': 0.4, 'max_iterations': 100}",7.7                   ,7.7                   ,nan                   ,7.7                  ,0.07812690734863281                    ,nan                                         ,nan                                   ,nan                                        ,nan                                               ,nan                                                    ,nan
10             ,50                        ,TSP_CITIES_SET_50_N_10.json,CPU               ,particle_swarm_tsp,nan                   ,nan     ,[]                 ,False                  ,nan                    ,nan        ,[]          ,nan                                       ,PSO_POP_100_ALPHA_0_5_BETA_0_4_NR_ITER_100                                                                                             ,"{'suffix': 'PSO_POP_100_ALPHA_0_5_BETA_0_4_NR_ITER_100', 'size_of_population': 100, 'alpha': 0.5, 'beta': 0.4, 'max_iterations': 100}",7.1                   ,7.1                   ,nan                   ,7.1                  ,0.06249523162841797                    ,nan                                         ,nan                                   ,nan                                        ,nan                                               ,nan                                                    ,nan
10             ,51                        ,TSP_CITIES_SET_51_N_10.json,CPU               ,particle_swarm_tsp,nan                   ,nan     ,[]                 ,False                  ,nan                    ,nan        ,[]          ,nan                                       ,PSO_POP_100_ALPHA_0_5_BETA_0_4_NR_ITER_100                                                                                             ,"{'suffix': 'PSO_POP_100_ALPHA_0_5_BETA_0_4_NR_ITER_100', 'size_of_population': 100, 'alpha': 0.5, 'beta': 0.4, 'max_iterations': 100}",10.7                  ,10.7                  ,nan                   ,10.7                 ,0.09374856948852539                    ,nan                                         ,nan                                   ,nan                                        ,nan                                               ,nan                                                    ,nan
10             ,52                        ,TSP_CITIES_SET_52_N_10.json,CPU               ,particle_swarm_tsp,nan                   ,nan     ,[]                 ,False                  ,nan                    ,nan        ,[]          ,nan                                       ,PSO_POP_100_ALPHA_0_5_BETA_0_4_NR_ITER_100                                                                                             ,"{'suffix': 'PSO_POP_100_ALPHA_0_5_BETA_0_4_NR_ITER_100', 'size_of_population': 100, 'alpha': 0.5, 'beta': 0.4, 'max_iterations': 100}",7.8                   ,7.8                   ,nan                   ,7.8                  ,0.07816386222839355                    ,nan                                         ,nan                                   ,nan                                        ,nan                                               ,nan                                                    ,nan
10             ,53                        ,TSP_CITIES_SET_53_N_10.json,CPU               ,particle_swarm_tsp,nan                   ,nan     ,[]                 ,False                  ,nan                    ,nan        ,[]          ,nan                                       ,PSO_POP_100_ALPHA_0_5_BETA_0_4_NR_ITER_100                                                                                             ,"{'suffix': 'PSO_POP_100_ALPHA_0_5_BETA_0_4_NR_ITER_100', 'size_of_population': 100, 'alpha': 0.5, 'beta': 0.4, 'max_iterations': 100}",12.5                  ,12.5                  ,nan                   ,12.5                 ,0.0781247615814209                     ,nan                                         ,nan                                   ,nan                                        ,nan                                               ,nan                                                    ,nan
10             ,54                        ,TSP_CITIES_SET_54_N_10.json,CPU               ,particle_swarm_tsp,nan                   ,nan     ,[]                 ,False                  ,nan                    ,nan        ,[]          ,nan                                       ,PSO_POP_100_ALPHA_0_5_BETA_0_4_NR_ITER_100                                                                                             ,"{'suffix': 'PSO_POP_100_ALPHA_0_5_BETA_0_4_NR_ITER_100', 'size_of_population': 100, 'alpha': 0.5, 'beta': 0.4, 'max_iterations': 100}",7.5                   ,7.5                   ,nan                   ,7.5                  ,0.06249809265136719                    ,nan                                         ,nan                                   ,nan                                        ,nan                                               ,nan                                                    ,nan
10             ,55                        ,TSP_CITIES_SET_55_N_10.json,CPU               ,particle_swarm_tsp,nan                   ,nan     ,[]                 ,False                  ,nan                    ,nan        ,[]          ,nan                                       ,PSO_POP_100_ALPHA_0_5_BETA_0_4_NR_ITER_100                                                                                             ,"{'suffix': 'PSO_POP_100_ALPHA_0_5_BETA_0_4_NR_ITER_100', 'size_of_population': 100, 'alpha': 0.5, 'beta': 0.4, 'max_iterations': 100}",21.4                  ,21.4                  ,nan                   ,21.4                 ,0.07812380790710449                    ,nan                                         ,nan                                   ,nan                                        ,nan                                               ,nan                                                    ,nan
10             ,56                        ,TSP_CITIES_SET_56_N_10.json,CPU               ,particle_swarm_tsp,nan                   ,nan     ,[]                 ,False                  ,nan                    ,nan        ,[]          ,nan                                       ,PSO_POP_100_ALPHA_0_5_BETA_0_4_NR_ITER_100                                                                                             ,"{'suffix': 'PSO_POP_100_ALPHA_0_5_BETA_0_4_NR_ITER_100', 'size_of_population': 100, 'alpha': 0.5, 'beta': 0.4, 'max_iterations': 100}",7.1                   ,7.1                   ,nan                   ,7.1                  ,0.06249809265136719                    ,nan                                         ,nan                                   ,nan                                        ,nan                                               ,nan                                                    ,nan
10             ,57                        ,TSP_CITIES_SET_57_N_10.json,CPU               ,particle_swarm_tsp,nan                   ,nan     ,[]                 ,False                  ,nan                    ,nan        ,[]          ,nan                                       ,PSO_POP_100_ALPHA_0_5_BETA_0_4_NR_ITER_100                                                                                             ,"{'suffix': 'PSO_POP_100_ALPHA_0_5_BETA_0_4_NR_ITER_100', 'size_of_population': 100, 'alpha': 0.5, 'beta': 0.4, 'max_iterations': 100}",7.0                   ,7.0                   ,nan                   ,7.0                  ,0.062499046325683594                   ,nan                                         ,nan                                   ,nan                                        ,nan                                               ,nan                                                    ,nan
10             ,58                        ,TSP_CITIES_SET_58_N_10.json,CPU               ,particle_swarm_tsp,nan                   ,nan     ,[]                 ,False                  ,nan                    ,nan        ,[]          ,nan                                       ,PSO_POP_100_ALPHA_0_5_BETA_0_4_NR_ITER_100                                                                                             ,"{'suffix': 'PSO_POP_100_ALPHA_0_5_BETA_0_4_NR_ITER_100', 'size_of_population': 100, 'alpha': 0.5, 'beta': 0.4, 'max_iterations': 100}",21.8                  ,21.8                  ,nan                   ,21.8                 ,0.0781242847442627                     ,nan                                         ,nan                                   ,nan                                        ,nan                                               ,nan                                                    ,nan
10             ,59                        ,TSP_CITIES_SET_59_N_10.json,CPU               ,particle_swarm_tsp,nan                   ,nan     ,[]                 ,False                  ,nan                    ,nan        ,[]          ,nan                                       ,PSO_POP_100_ALPHA_0_5_BETA_0_4_NR_ITER_100                                                                                             ,"{'suffix': 'PSO_POP_100_ALPHA_0_5_BETA_0_4_NR_ITER_100', 'size_of_population': 100, 'alpha': 0.5, 'beta': 0.4, 'max_iterations': 100}",9.4                   ,9.4                   ,nan                   ,9.4                  ,0.07810759544372559                    ,nan                                         ,nan                                   ,nan                                        ,nan                                               ,nan                                                    ,nan
10             ,60                        ,TSP_CITIES_SET_60_N_10.json,CPU               ,particle_swarm_tsp,nan                   ,nan     ,[]                 ,False                  ,nan                    ,nan        ,[]          ,nan                                       ,PSO_POP_100_ALPHA_0_5_BETA_0_4_NR_ITER_100                                                                                             ,"{'suffix': 'PSO_POP_100_ALPHA_0_5_BETA_0_4_NR_ITER_100', 'size_of_population': 100, 'alpha': 0.5, 'beta': 0.4, 'max_iterations': 100}",7.4                   ,7.4                   ,nan                   ,7.4                  ,0.062490224838256836                   ,nan                                         ,nan                                   ,nan                                        ,nan                                               ,nan                                                    ,nan
10             ,61                        ,TSP_CITIES_SET_61_N_10.json,CPU               ,particle_swarm_tsp,nan                   ,nan     ,[]                 ,False                  ,nan                    ,nan        ,[]          ,nan                                       ,PSO_POP_100_ALPHA_0_5_BETA_0_4_NR_ITER_100                                                                                             ,"{'suffix': 'PSO_POP_100_ALPHA_0_5_BETA_0_4_NR_ITER_100', 'size_of_population': 100, 'alpha': 0.5, 'beta': 0.4, 'max_iterations': 100}",8.9                   ,8.9                   ,nan                   ,8.9                  ,0.07811903953552246                    ,nan                                         ,nan                                   ,nan                                        ,nan                                               ,nan                                                    ,nan
10             ,62                        ,TSP_CITIES_SET_62_N_10.json,CPU               ,particle_swarm_tsp,nan                   ,nan     ,[]                 ,False                  ,nan                    ,nan        ,[]          ,nan                                       ,PSO_POP_100_ALPHA_0_5_BETA_0_4_NR_ITER_100                                                                                             ,"{'suffix': 'PSO_POP_100_ALPHA_0_5_BETA_0_4_NR_ITER_100', 'size_of_population': 100, 'alpha': 0.5, 'beta': 0.4, 'max_iterations': 100}",8.1                   ,8.1                   ,nan                   ,8.1                  ,0.07815861701965332                    ,nan                                         ,nan                                   ,nan                                        ,nan                                               ,nan                                                    ,nan
10             ,63                        ,TSP_CITIES_SET_63_N_10.json,CPU               ,particle_swarm_tsp,nan                   ,nan     ,[]                 ,False                  ,nan                    ,nan        ,[]          ,nan                                       ,PSO_POP_100_ALPHA_0_5_BETA_0_4_NR_ITER_100                                                                                             ,"{'suffix': 'PSO_POP_100_ALPHA_0_5_BETA_0_4_NR_ITER_100', 'size_of_population': 100, 'alpha': 0.5, 'beta': 0.4, 'max_iterations': 100}",6.3                   ,6.3                   ,nan                   ,6.3                  ,0.06250286102294922                    ,nan                                         ,nan                                   ,nan                                        ,nan                                               ,nan                                                    ,nan
10             ,64                        ,TSP_CITIES_SET_64_N_10.json,CPU               ,particle_swarm_tsp,nan                   ,nan     ,[]                 ,False                  ,nan                    ,nan        ,[]          ,nan                                       ,PSO_POP_100_ALPHA_0_5_BETA_0_4_NR_ITER_100                                                                                             ,"{'suffix': 'PSO_POP_100_ALPHA_0_5_BETA_0_4_NR_ITER_100', 'size_of_population': 100, 'alpha': 0.5, 'beta': 0.4, 'max_iterations': 100}",7.0                   ,7.0                   ,nan                   ,7.0                  ,0.06250262260437012                    ,nan                                         ,nan                                   ,nan                                        ,nan                                               ,nan                                                    ,nan
10             ,65                        ,TSP_CITIES_SET_65_N_10.json,CPU               ,particle_swarm_tsp,nan                   ,nan     ,[]                 ,False                  ,nan                    ,nan        ,[]          ,nan                                       ,PSO_POP_100_ALPHA_0_5_BETA_0_4_NR_ITER_100                                                                                             ,"{'suffix': 'PSO_POP_100_ALPHA_0_5_BETA_0_4_NR_ITER_100', 'size_of_population': 100, 'alpha': 0.5, 'beta': 0.4, 'max_iterations': 100}",19.6                  ,19.6                  ,nan                   ,19.6                 ,0.06249642372131348                    ,nan                                         ,nan                                   ,nan                                        ,nan                                               ,nan                                                    ,nan
10             ,66                        ,TSP_CITIES_SET_66_N_10.json,CPU               ,particle_swarm_tsp,nan                   ,nan     ,[]                 ,False                  ,nan                    ,nan        ,[]          ,nan                                       ,PSO_POP_100_ALPHA_0_5_BETA_0_4_NR_ITER_100                                                                                             ,"{'suffix': 'PSO_POP_100_ALPHA_0_5_BETA_0_4_NR_ITER_100', 'size_of_population': 100, 'alpha': 0.5, 'beta': 0.4, 'max_iterations': 100}",12.5                  ,12.5                  ,nan                   ,12.5                 ,0.12503933906555176                    ,nan                                         ,nan                                   ,nan                                        ,nan                                               ,nan                                                    ,nan
10             ,67                        ,TSP_CITIES_SET_67_N_10.json,CPU               ,particle_swarm_tsp,nan                   ,nan     ,[]                 ,False                  ,nan                    ,nan        ,[]          ,nan                                       ,PSO_POP_100_ALPHA_0_5_BETA_0_4_NR_ITER_100                                                                                             ,"{'suffix': 'PSO_POP_100_ALPHA_0_5_BETA_0_4_NR_ITER_100', 'size_of_population': 100, 'alpha': 0.5, 'beta': 0.4, 'max_iterations': 100}",9.4                   ,9.4                   ,nan                   ,9.4                  ,0.08071136474609375                    ,nan                                         ,nan                                   ,nan                                        ,nan                                               ,nan                                                    ,nan
10             ,68                        ,TSP_CITIES_SET_68_N_10.json,CPU               ,particle_swarm_tsp,nan                   ,nan     ,[]                 ,False                  ,nan                    ,nan        ,[]          ,nan                                       ,PSO_POP_100_ALPHA_0_5_BETA_0_4_NR_ITER_100                                                                                             ,"{'suffix': 'PSO_POP_100_ALPHA_0_5_BETA_0_4_NR_ITER_100', 'size_of_population': 100, 'alpha': 0.5, 'beta': 0.4, 'max_iterations': 100}",7.1                   ,7.1                   ,nan                   ,7.1                  ,0.062499284744262695                   ,nan                                         ,nan                                   ,nan                                        ,nan                                               ,nan                                                    ,nan
10             ,69                        ,TSP_CITIES_SET_69_N_10.json,CPU               ,particle_swarm_tsp,nan                   ,nan     ,[]                 ,False                  ,nan                    ,nan        ,[]          ,nan                                       ,PSO_POP_100_ALPHA_0_5_BETA_0_4_NR_ITER_100                                                                                             ,"{'suffix': 'PSO_POP_100_ALPHA_0_5_BETA_0_4_NR_ITER_100', 'size_of_population': 100, 'alpha': 0.5, 'beta': 0.4, 'max_iterations': 100}",7.4                   ,7.4                   ,nan                   ,7.4                  ,0.062496185302734375                   ,nan                                         ,nan                                   ,nan                                        ,nan                                               ,nan                                                    ,nan
10             ,70                        ,TSP_CITIES_SET_70_N_10.json,CPU               ,particle_swarm_tsp,nan                   ,nan     ,[]                 ,False                  ,nan                    ,nan        ,[]          ,nan                                       ,PSO_POP_100_ALPHA_0_5_BETA_0_4_NR_ITER_100                                                                                             ,"{'suffix': 'PSO_POP_100_ALPHA_0_5_BETA_0_4_NR_ITER_100', 'size_of_population': 100, 'alpha': 0.5, 'beta': 0.4, 'max_iterations': 100}",9.1                   ,9.1                   ,nan                   ,9.1                  ,0.07812213897705078                    ,nan                                         ,nan                                   ,nan                                        ,nan                                               ,nan                                                    ,nan
10             ,71                        ,TSP_CITIES_SET_71_N_10.json,CPU               ,particle_swarm_tsp,nan                   ,nan     ,[]                 ,False                  ,nan                    ,nan        ,[]          ,nan                                       ,PSO_POP_100_ALPHA_0_5_BETA_0_4_NR_ITER_100                                                                                             ,"{'suffix': 'PSO_POP_100_ALPHA_0_5_BETA_0_4_NR_ITER_100', 'size_of_population': 100, 'alpha': 0.5, 'beta': 0.4, 'max_iterations': 100}",8.9                   ,8.9                   ,nan                   ,8.9                  ,0.07812309265136719                    ,nan                                         ,nan                                   ,nan                                        ,nan                                               ,nan                                                    ,nan
10             ,72                        ,TSP_CITIES_SET_72_N_10.json,CPU               ,particle_swarm_tsp,nan                   ,nan     ,[]                 ,False                  ,nan                    ,nan        ,[]          ,nan                                       ,PSO_POP_100_ALPHA_0_5_BETA_0_4_NR_ITER_100                                                                                             ,"{'suffix': 'PSO_POP_100_ALPHA_0_5_BETA_0_4_NR_ITER_100', 'size_of_population': 100, 'alpha': 0.5, 'beta': 0.4, 'max_iterations': 100}",22.2                  ,22.2                  ,nan                   ,22.2                 ,0.0781240463256836                     ,nan                                         ,nan                                   ,nan                                        ,nan                                               ,nan                                                    ,nan
10             ,73                        ,TSP_CITIES_SET_73_N_10.json,CPU               ,particle_swarm_tsp,nan                   ,nan     ,[]                 ,False                  ,nan                    ,nan        ,[]          ,nan                                       ,PSO_POP_100_ALPHA_0_5_BETA_0_4_NR_ITER_100                                                                                             ,"{'suffix': 'PSO_POP_100_ALPHA_0_5_BETA_0_4_NR_ITER_100', 'size_of_population': 100, 'alpha': 0.5, 'beta': 0.4, 'max_iterations': 100}",8.9                   ,8.9                   ,nan                   ,8.9                  ,0.07814979553222656                    ,nan                                         ,nan                                   ,nan                                        ,nan                                               ,nan                                                    ,nan
10             ,74                        ,TSP_CITIES_SET_74_N_10.json,CPU               ,particle_swarm_tsp,nan                   ,nan     ,[]                 ,False                  ,nan                    ,nan        ,[]          ,nan                                       ,PSO_POP_100_ALPHA_0_5_BETA_0_4_NR_ITER_100                                                                                             ,"{'suffix': 'PSO_POP_100_ALPHA_0_5_BETA_0_4_NR_ITER_100', 'size_of_population': 100, 'alpha': 0.5, 'beta': 0.4, 'max_iterations': 100}",8.6                   ,8.6                   ,nan                   ,8.6                  ,0.07808351516723633                    ,nan                                         ,nan                                   ,nan                                        ,nan                                               ,nan                                                    ,nan
10             ,75                        ,TSP_CITIES_SET_75_N_10.json,CPU               ,particle_swarm_tsp,nan                   ,nan     ,[]                 ,False                  ,nan                    ,nan        ,[]          ,nan                                       ,PSO_POP_100_ALPHA_0_5_BETA_0_4_NR_ITER_100                                                                                             ,"{'suffix': 'PSO_POP_100_ALPHA_0_5_BETA_0_4_NR_ITER_100', 'size_of_population': 100, 'alpha': 0.5, 'beta': 0.4, 'max_iterations': 100}",9.1                   ,9.1                   ,nan                   ,9.1                  ,0.07812118530273438                    ,nan                                         ,nan                                   ,nan                                        ,nan                                               ,nan                                                    ,nan
10             ,76                        ,TSP_CITIES_SET_76_N_10.json,CPU               ,particle_swarm_tsp,nan                   ,nan     ,[]                 ,False                  ,nan                    ,nan        ,[]          ,nan                                       ,PSO_POP_100_ALPHA_0_5_BETA_0_4_NR_ITER_100                                                                                             ,"{'suffix': 'PSO_POP_100_ALPHA_0_5_BETA_0_4_NR_ITER_100', 'size_of_population': 100, 'alpha': 0.5, 'beta': 0.4, 'max_iterations': 100}",25.5                  ,25.5                  ,nan                   ,25.5                 ,0.10933876037597656                    ,nan                                         ,nan                                   ,nan                                        ,nan                                               ,nan                                                    ,nan
10             ,77                        ,TSP_CITIES_SET_77_N_10.json,CPU               ,particle_swarm_tsp,nan                   ,nan     ,[]                 ,False                  ,nan                    ,nan        ,[]          ,nan                                       ,PSO_POP_100_ALPHA_0_5_BETA_0_4_NR_ITER_100                                                                                             ,"{'suffix': 'PSO_POP_100_ALPHA_0_5_BETA_0_4_NR_ITER_100', 'size_of_population': 100, 'alpha': 0.5, 'beta': 0.4, 'max_iterations': 100}",7.3                   ,7.3                   ,nan                   ,7.3                  ,0.06252932548522949                    ,nan                                         ,nan                                   ,nan                                        ,nan                                               ,nan                                                    ,nan
10             ,78                        ,TSP_CITIES_SET_78_N_10.json,CPU               ,particle_swarm_tsp,nan                   ,nan     ,[]                 ,False                  ,nan                    ,nan        ,[]          ,nan                                       ,PSO_POP_100_ALPHA_0_5_BETA_0_4_NR_ITER_100                                                                                             ,"{'suffix': 'PSO_POP_100_ALPHA_0_5_BETA_0_4_NR_ITER_100', 'size_of_population': 100, 'alpha': 0.5, 'beta': 0.4, 'max_iterations': 100}",12.5                  ,12.5                  ,nan                   ,12.5                 ,0.0781240463256836                     ,nan                                         ,nan                                   ,nan                                        ,nan                                               ,nan                                                    ,nan
10             ,79                        ,TSP_CITIES_SET_79_N_10.json,CPU               ,particle_swarm_tsp,nan                   ,nan     ,[]                 ,False                  ,nan                    ,nan        ,[]          ,nan                                       ,PSO_POP_100_ALPHA_0_5_BETA_0_4_NR_ITER_100                                                                                             ,"{'suffix': 'PSO_POP_100_ALPHA_0_5_BETA_0_4_NR_ITER_100', 'size_of_population': 100, 'alpha': 0.5, 'beta': 0.4, 'max_iterations': 100}",19.6                  ,19.6                  ,nan                   ,19.6                 ,0.0625                                 ,nan                                         ,nan                                   ,nan                                        ,nan                                               ,nan                                                    ,nan
10             ,80                        ,TSP_CITIES_SET_80_N_10.json,CPU               ,particle_swarm_tsp,nan                   ,nan     ,[]                 ,False                  ,nan                    ,nan        ,[]          ,nan                                       ,PSO_POP_100_ALPHA_0_5_BETA_0_4_NR_ITER_100                                                                                             ,"{'suffix': 'PSO_POP_100_ALPHA_0_5_BETA_0_4_NR_ITER_100', 'size_of_population': 100, 'alpha': 0.5, 'beta': 0.4, 'max_iterations': 100}",6.5                   ,6.5                   ,nan                   ,6.5                  ,0.062497854232788086                   ,nan                                         ,nan                                   ,nan                                        ,nan                                               ,nan                                                    ,nan
10             ,81                        ,TSP_CITIES_SET_81_N_10.json,CPU               ,particle_swarm_tsp,nan                   ,nan     ,[]                 ,False                  ,nan                    ,nan        ,[]          ,nan                                       ,PSO_POP_100_ALPHA_0_5_BETA_0_4_NR_ITER_100                                                                                             ,"{'suffix': 'PSO_POP_100_ALPHA_0_5_BETA_0_4_NR_ITER_100', 'size_of_population': 100, 'alpha': 0.5, 'beta': 0.4, 'max_iterations': 100}",17.2                  ,17.2                  ,nan                   ,17.2                 ,0.0781247615814209                     ,nan                                         ,nan                                   ,nan                                        ,nan                                               ,nan                                                    ,nan
10             ,82                        ,TSP_CITIES_SET_82_N_10.json,CPU               ,particle_swarm_tsp,nan                   ,nan     ,[]                 ,False                  ,nan                    ,nan        ,[]          ,nan                                       ,PSO_POP_100_ALPHA_0_5_BETA_0_4_NR_ITER_100                                                                                             ,"{'suffix': 'PSO_POP_100_ALPHA_0_5_BETA_0_4_NR_ITER_100', 'size_of_population': 100, 'alpha': 0.5, 'beta': 0.4, 'max_iterations': 100}",7.1                   ,7.1                   ,nan                   ,7.1                  ,0.0625004768371582                     ,nan                                         ,nan                                   ,nan                                        ,nan                                               ,nan                                                    ,nan
10             ,83                        ,TSP_CITIES_SET_83_N_10.json,CPU               ,particle_swarm_tsp,nan                   ,nan     ,[]                 ,False                  ,nan                    ,nan        ,[]          ,nan                                       ,PSO_POP_100_ALPHA_0_5_BETA_0_4_NR_ITER_100                                                                                             ,"{'suffix': 'PSO_POP_100_ALPHA_0_5_BETA_0_4_NR_ITER_100', 'size_of_population': 100, 'alpha': 0.5, 'beta': 0.4, 'max_iterations': 100}",23.4                  ,23.4                  ,nan                   ,23.4                 ,0.09380030632019043                    ,nan                                         ,nan                                   ,nan                                        ,nan                                               ,nan                                                    ,nan
10             ,84                        ,TSP_CITIES_SET_84_N_10.json,CPU               ,particle_swarm_tsp,nan                   ,nan     ,[]                 ,False                  ,nan                    ,nan        ,[]          ,nan                                       ,PSO_POP_100_ALPHA_0_5_BETA_0_4_NR_ITER_100                                                                                             ,"{'suffix': 'PSO_POP_100_ALPHA_0_5_BETA_0_4_NR_ITER_100', 'size_of_population': 100, 'alpha': 0.5, 'beta': 0.4, 'max_iterations': 100}",7.8                   ,7.8                   ,nan                   ,7.8                  ,0.07812833786010742                    ,nan                                         ,nan                                   ,nan                                        ,nan                                               ,nan                                                    ,nan
10             ,85                        ,TSP_CITIES_SET_85_N_10.json,CPU               ,particle_swarm_tsp,nan                   ,nan     ,[]                 ,False                  ,nan                    ,nan        ,[]          ,nan                                       ,PSO_POP_100_ALPHA_0_5_BETA_0_4_NR_ITER_100                                                                                             ,"{'suffix': 'PSO_POP_100_ALPHA_0_5_BETA_0_4_NR_ITER_100', 'size_of_population': 100, 'alpha': 0.5, 'beta': 0.4, 'max_iterations': 100}",14.3                  ,14.3                  ,nan                   ,14.3                 ,0.08884167671203613                    ,nan                                         ,nan                                   ,nan                                        ,nan                                               ,nan                                                    ,nan
10             ,86                        ,TSP_CITIES_SET_86_N_10.json,CPU               ,particle_swarm_tsp,nan                   ,nan     ,[]                 ,False                  ,nan                    ,nan        ,[]          ,nan                                       ,PSO_POP_100_ALPHA_0_5_BETA_0_4_NR_ITER_100                                                                                             ,"{'suffix': 'PSO_POP_100_ALPHA_0_5_BETA_0_4_NR_ITER_100', 'size_of_population': 100, 'alpha': 0.5, 'beta': 0.4, 'max_iterations': 100}",7.8                   ,7.8                   ,nan                   ,7.8                  ,0.07811379432678223                    ,nan                                         ,nan                                   ,nan                                        ,nan                                               ,nan                                                    ,nan
10             ,87                        ,TSP_CITIES_SET_87_N_10.json,CPU               ,particle_swarm_tsp,nan                   ,nan     ,[]                 ,False                  ,nan                    ,nan        ,[]          ,nan                                       ,PSO_POP_100_ALPHA_0_5_BETA_0_4_NR_ITER_100                                                                                             ,"{'suffix': 'PSO_POP_100_ALPHA_0_5_BETA_0_4_NR_ITER_100', 'size_of_population': 100, 'alpha': 0.5, 'beta': 0.4, 'max_iterations': 100}",7.8                   ,7.8                   ,nan                   ,7.8                  ,0.07810664176940918                    ,nan                                         ,nan                                   ,nan                                        ,nan                                               ,nan                                                    ,nan
10             ,88                        ,TSP_CITIES_SET_88_N_10.json,CPU               ,particle_swarm_tsp,nan                   ,nan     ,[]                 ,False                  ,nan                    ,nan        ,[]          ,nan                                       ,PSO_POP_100_ALPHA_0_5_BETA_0_4_NR_ITER_100                                                                                             ,"{'suffix': 'PSO_POP_100_ALPHA_0_5_BETA_0_4_NR_ITER_100', 'size_of_population': 100, 'alpha': 0.5, 'beta': 0.4, 'max_iterations': 100}",9.4                   ,9.4                   ,nan                   ,9.4                  ,0.07812309265136719                    ,nan                                         ,nan                                   ,nan                                        ,nan                                               ,nan                                                    ,nan
10             ,89                        ,TSP_CITIES_SET_89_N_10.json,CPU               ,particle_swarm_tsp,nan                   ,nan     ,[]                 ,False                  ,nan                    ,nan        ,[]          ,nan                                       ,PSO_POP_100_ALPHA_0_5_BETA_0_4_NR_ITER_100                                                                                             ,"{'suffix': 'PSO_POP_100_ALPHA_0_5_BETA_0_4_NR_ITER_100', 'size_of_population': 100, 'alpha': 0.5, 'beta': 0.4, 'max_iterations': 100}",18.8                  ,18.8                  ,nan                   ,18.8                 ,0.0937495231628418                     ,nan                                         ,nan                                   ,nan                                        ,nan                                               ,nan                                                    ,nan
10             ,90                        ,TSP_CITIES_SET_90_N_10.json,CPU               ,particle_swarm_tsp,nan                   ,nan     ,[]                 ,False                  ,nan                    ,nan        ,[]          ,nan                                       ,PSO_POP_100_ALPHA_0_5_BETA_0_4_NR_ITER_100                                                                                             ,"{'suffix': 'PSO_POP_100_ALPHA_0_5_BETA_0_4_NR_ITER_100', 'size_of_population': 100, 'alpha': 0.5, 'beta': 0.4, 'max_iterations': 100}",23.2                  ,23.2                  ,nan                   ,23.2                 ,0.09378409385681152                    ,nan                                         ,nan                                   ,nan                                        ,nan                                               ,nan                                                    ,nan
10             ,91                        ,TSP_CITIES_SET_91_N_10.json,CPU               ,particle_swarm_tsp,nan                   ,nan     ,[]                 ,False                  ,nan                    ,nan        ,[]          ,nan                                       ,PSO_POP_100_ALPHA_0_5_BETA_0_4_NR_ITER_100                                                                                             ,"{'suffix': 'PSO_POP_100_ALPHA_0_5_BETA_0_4_NR_ITER_100', 'size_of_population': 100, 'alpha': 0.5, 'beta': 0.4, 'max_iterations': 100}",7.8                   ,7.8                   ,nan                   ,7.8                  ,0.07817554473876953                    ,nan                                         ,nan                                   ,nan                                        ,nan                                               ,nan                                                    ,nan
10             ,92                        ,TSP_CITIES_SET_92_N_10.json,CPU               ,particle_swarm_tsp,nan                   ,nan     ,[]                 ,False                  ,nan                    ,nan        ,[]          ,nan                                       ,PSO_POP_100_ALPHA_0_5_BETA_0_4_NR_ITER_100                                                                                             ,"{'suffix': 'PSO_POP_100_ALPHA_0_5_BETA_0_4_NR_ITER_100', 'size_of_population': 100, 'alpha': 0.5, 'beta': 0.4, 'max_iterations': 100}",7.8                   ,7.8                   ,nan                   ,7.8                  ,0.07816553115844727                    ,nan                                         ,nan                                   ,nan                                        ,nan                                               ,nan                                                    ,nan
10             ,93                        ,TSP_CITIES_SET_93_N_10.json,CPU               ,particle_swarm_tsp,nan                   ,nan     ,[]                 ,False                  ,nan                    ,nan        ,[]          ,nan                                       ,PSO_POP_100_ALPHA_0_5_BETA_0_4_NR_ITER_100                                                                                             ,"{'suffix': 'PSO_POP_100_ALPHA_0_5_BETA_0_4_NR_ITER_100', 'size_of_population': 100, 'alpha': 0.5, 'beta': 0.4, 'max_iterations': 100}",7.8                   ,7.8                   ,nan                   ,7.8                  ,0.07815742492675781                    ,nan                                         ,nan                                   ,nan                                        ,nan                                               ,nan                                                    ,nan
10             ,94                        ,TSP_CITIES_SET_94_N_10.json,CPU               ,particle_swarm_tsp,nan                   ,nan     ,[]                 ,False                  ,nan                    ,nan        ,[]          ,nan                                       ,PSO_POP_100_ALPHA_0_5_BETA_0_4_NR_ITER_100                                                                                             ,"{'suffix': 'PSO_POP_100_ALPHA_0_5_BETA_0_4_NR_ITER_100', 'size_of_population': 100, 'alpha': 0.5, 'beta': 0.4, 'max_iterations': 100}",19.6                  ,19.6                  ,nan                   ,19.6                 ,0.06249809265136719                    ,nan                                         ,nan                                   ,nan                                        ,nan                                               ,nan                                                    ,nan
10             ,95                        ,TSP_CITIES_SET_95_N_10.json,CPU               ,particle_swarm_tsp,nan                   ,nan     ,[]                 ,False                  ,nan                    ,nan        ,[]          ,nan                                       ,PSO_POP_100_ALPHA_0_5_BETA_0_4_NR_ITER_100                                                                                             ,"{'suffix': 'PSO_POP_100_ALPHA_0_5_BETA_0_4_NR_ITER_100', 'size_of_population': 100, 'alpha': 0.5, 'beta': 0.4, 'max_iterations': 100}",13.5                  ,13.5                  ,nan                   ,13.5                 ,0.0781240463256836                     ,nan                                         ,nan                                   ,nan                                        ,nan                                               ,nan                                                    ,nan
10             ,96                        ,TSP_CITIES_SET_96_N_10.json,CPU               ,particle_swarm_tsp,nan                   ,nan     ,[]                 ,False                  ,nan                    ,nan        ,[]          ,nan                                       ,PSO_POP_100_ALPHA_0_5_BETA_0_4_NR_ITER_100                                                                                             ,"{'suffix': 'PSO_POP_100_ALPHA_0_5_BETA_0_4_NR_ITER_100', 'size_of_population': 100, 'alpha': 0.5, 'beta': 0.4, 'max_iterations': 100}",7.5                   ,7.5                   ,nan                   ,7.5                  ,0.062494754791259766                   ,nan                                         ,nan                                   ,nan                                        ,nan                                               ,nan                                                    ,nan
10             ,97                        ,TSP_CITIES_SET_97_N_10.json,CPU               ,particle_swarm_tsp,nan                   ,nan     ,[]                 ,False                  ,nan                    ,nan        ,[]          ,nan                                       ,PSO_POP_100_ALPHA_0_5_BETA_0_4_NR_ITER_100                                                                                             ,"{'suffix': 'PSO_POP_100_ALPHA_0_5_BETA_0_4_NR_ITER_100', 'size_of_population': 100, 'alpha': 0.5, 'beta': 0.4, 'max_iterations': 100}",27.9                  ,27.9                  ,nan                   ,27.9                 ,0.0781404972076416                     ,nan                                         ,nan                                   ,nan                                        ,nan                                               ,nan                                                    ,nan
10             ,98                        ,TSP_CITIES_SET_98_N_10.json,CPU               ,particle_swarm_tsp,nan                   ,nan     ,[]                 ,False                  ,nan                    ,nan        ,[]          ,nan                                       ,PSO_POP_100_ALPHA_0_5_BETA_0_4_NR_ITER_100                                                                                             ,"{'suffix': 'PSO_POP_100_ALPHA_0_5_BETA_0_4_NR_ITER_100', 'size_of_population': 100, 'alpha': 0.5, 'beta': 0.4, 'max_iterations': 100}",24.2                  ,24.2                  ,nan                   ,24.2                 ,0.06758236885070801                    ,nan                                         ,nan                                   ,nan                                        ,nan                                               ,nan                                                    ,nan
10             ,99                        ,TSP_CITIES_SET_99_N_10.json,CPU               ,particle_swarm_tsp,nan                   ,nan     ,[]                 ,False                  ,nan                    ,nan        ,[]          ,nan                                       ,PSO_POP_100_ALPHA_0_5_BETA_0_4_NR_ITER_100                                                                                             ,"{'suffix': 'PSO_POP_100_ALPHA_0_5_BETA_0_4_NR_ITER_100', 'size_of_population': 100, 'alpha': 0.5, 'beta': 0.4, 'max_iterations': 100}",9.3                   ,9.3                   ,nan                   ,9.3                  ,0.07816267013549805                    ,nan                                         ,nan                                   ,nan                                        ,nan                                               ,nan                                                    ,nan
11             ,0                         ,TSP_CITIES_SET_0_N_11.json ,CPU               ,particle_swarm_tsp,nan                   ,nan     ,[]                 ,False                  ,nan                    ,nan        ,[]          ,nan                                       ,PSO_POP_100_ALPHA_0_5_BETA_0_4_NR_ITER_100                                                                                             ,"{'suffix': 'PSO_POP_100_ALPHA_0_5_BETA_0_4_NR_ITER_100', 'size_of_population': 100, 'alpha': 0.5, 'beta': 0.4, 'max_iterations': 100}",9.2                   ,9.2                   ,nan                   ,9.2                  ,0.09375143051147461                    ,nan                                         ,nan                                   ,nan                                        ,nan                                               ,nan                                                    ,nan
11             ,1                         ,TSP_CITIES_SET_1_N_11.json ,CPU               ,particle_swarm_tsp,nan                   ,nan     ,[]                 ,False                  ,nan                    ,nan        ,[]          ,nan                                       ,PSO_POP_100_ALPHA_0_5_BETA_0_4_NR_ITER_100                                                                                             ,"{'suffix': 'PSO_POP_100_ALPHA_0_5_BETA_0_4_NR_ITER_100', 'size_of_population': 100, 'alpha': 0.5, 'beta': 0.4, 'max_iterations': 100}",8.2                   ,8.2                   ,nan                   ,8.2                  ,0.07812285423278809                    ,nan                                         ,nan                                   ,nan                                        ,nan                                               ,nan                                                    ,nan
11             ,2                         ,TSP_CITIES_SET_2_N_11.json ,CPU               ,particle_swarm_tsp,nan                   ,nan     ,[]                 ,False                  ,nan                    ,nan        ,[]          ,nan                                       ,PSO_POP_100_ALPHA_0_5_BETA_0_4_NR_ITER_100                                                                                             ,"{'suffix': 'PSO_POP_100_ALPHA_0_5_BETA_0_4_NR_ITER_100', 'size_of_population': 100, 'alpha': 0.5, 'beta': 0.4, 'max_iterations': 100}",21.4                  ,21.4                  ,nan                   ,21.4                 ,0.07812285423278809                    ,nan                                         ,nan                                   ,nan                                        ,nan                                               ,nan                                                    ,nan
11             ,3                         ,TSP_CITIES_SET_3_N_11.json ,CPU               ,particle_swarm_tsp,nan                   ,nan     ,[]                 ,False                  ,nan                    ,nan        ,[]          ,nan                                       ,PSO_POP_100_ALPHA_0_5_BETA_0_4_NR_ITER_100                                                                                             ,"{'suffix': 'PSO_POP_100_ALPHA_0_5_BETA_0_4_NR_ITER_100', 'size_of_population': 100, 'alpha': 0.5, 'beta': 0.4, 'max_iterations': 100}",6.2                   ,6.2                   ,nan                   ,6.2                  ,0.06247305870056152                    ,nan                                         ,nan                                   ,nan                                        ,nan                                               ,nan                                                    ,nan
11             ,4                         ,TSP_CITIES_SET_4_N_11.json ,CPU               ,particle_swarm_tsp,nan                   ,nan     ,[]                 ,False                  ,nan                    ,nan        ,[]          ,nan                                       ,PSO_POP_100_ALPHA_0_5_BETA_0_4_NR_ITER_100                                                                                             ,"{'suffix': 'PSO_POP_100_ALPHA_0_5_BETA_0_4_NR_ITER_100', 'size_of_population': 100, 'alpha': 0.5, 'beta': 0.4, 'max_iterations': 100}",10.7                  ,10.7                  ,nan                   ,10.7                 ,0.07813882827758789                    ,nan                                         ,nan                                   ,nan                                        ,nan                                               ,nan                                                    ,nan
11             ,5                         ,TSP_CITIES_SET_5_N_11.json ,CPU               ,particle_swarm_tsp,nan                   ,nan     ,[]                 ,False                  ,nan                    ,nan        ,[]          ,nan                                       ,PSO_POP_100_ALPHA_0_5_BETA_0_4_NR_ITER_100                                                                                             ,"{'suffix': 'PSO_POP_100_ALPHA_0_5_BETA_0_4_NR_ITER_100', 'size_of_population': 100, 'alpha': 0.5, 'beta': 0.4, 'max_iterations': 100}",7.1                   ,7.1                   ,nan                   ,7.1                  ,0.0625157356262207                     ,nan                                         ,nan                                   ,nan                                        ,nan                                               ,nan                                                    ,nan
11             ,6                         ,TSP_CITIES_SET_6_N_11.json ,CPU               ,particle_swarm_tsp,nan                   ,nan     ,[]                 ,False                  ,nan                    ,nan        ,[]          ,nan                                       ,PSO_POP_100_ALPHA_0_5_BETA_0_4_NR_ITER_100                                                                                             ,"{'suffix': 'PSO_POP_100_ALPHA_0_5_BETA_0_4_NR_ITER_100', 'size_of_population': 100, 'alpha': 0.5, 'beta': 0.4, 'max_iterations': 100}",23.2                  ,23.2                  ,nan                   ,23.2                 ,0.09375405311584473                    ,nan                                         ,nan                                   ,nan                                        ,nan                                               ,nan                                                    ,nan
11             ,7                         ,TSP_CITIES_SET_7_N_11.json ,CPU               ,particle_swarm_tsp,nan                   ,nan     ,[]                 ,False                  ,nan                    ,nan        ,[]          ,nan                                       ,PSO_POP_100_ALPHA_0_5_BETA_0_4_NR_ITER_100                                                                                             ,"{'suffix': 'PSO_POP_100_ALPHA_0_5_BETA_0_4_NR_ITER_100', 'size_of_population': 100, 'alpha': 0.5, 'beta': 0.4, 'max_iterations': 100}",7.5                   ,7.5                   ,nan                   ,7.5                  ,0.062497615814208984                   ,nan                                         ,nan                                   ,nan                                        ,nan                                               ,nan                                                    ,nan
11             ,8                         ,TSP_CITIES_SET_8_N_11.json ,CPU               ,particle_swarm_tsp,nan                   ,nan     ,[]                 ,False                  ,nan                    ,nan        ,[]          ,nan                                       ,PSO_POP_100_ALPHA_0_5_BETA_0_4_NR_ITER_100                                                                                             ,"{'suffix': 'PSO_POP_100_ALPHA_0_5_BETA_0_4_NR_ITER_100', 'size_of_population': 100, 'alpha': 0.5, 'beta': 0.4, 'max_iterations': 100}",12.5                  ,12.5                  ,nan                   ,12.5                 ,0.10937070846557617                    ,nan                                         ,nan                                   ,nan                                        ,nan                                               ,nan                                                    ,nan
11             ,9                         ,TSP_CITIES_SET_9_N_11.json ,CPU               ,particle_swarm_tsp,nan                   ,nan     ,[]                 ,False                  ,nan                    ,nan        ,[]          ,nan                                       ,PSO_POP_100_ALPHA_0_5_BETA_0_4_NR_ITER_100                                                                                             ,"{'suffix': 'PSO_POP_100_ALPHA_0_5_BETA_0_4_NR_ITER_100', 'size_of_population': 100, 'alpha': 0.5, 'beta': 0.4, 'max_iterations': 100}",7.1                   ,7.1                   ,nan                   ,7.1                  ,0.06247997283935547                    ,nan                                         ,nan                                   ,nan                                        ,nan                                               ,nan                                                    ,nan
11             ,10                        ,TSP_CITIES_SET_10_N_11.json,CPU               ,particle_swarm_tsp,nan                   ,nan     ,[]                 ,False                  ,nan                    ,nan        ,[]          ,nan                                       ,PSO_POP_100_ALPHA_0_5_BETA_0_4_NR_ITER_100                                                                                             ,"{'suffix': 'PSO_POP_100_ALPHA_0_5_BETA_0_4_NR_ITER_100', 'size_of_population': 100, 'alpha': 0.5, 'beta': 0.4, 'max_iterations': 100}",25.0                  ,25.0                  ,nan                   ,25.0                 ,0.10936141014099121                    ,nan                                         ,nan                                   ,nan                                        ,nan                                               ,nan                                                    ,nan
11             ,11                        ,TSP_CITIES_SET_11_N_11.json,CPU               ,particle_swarm_tsp,nan                   ,nan     ,[]                 ,False                  ,nan                    ,nan        ,[]          ,nan                                       ,PSO_POP_100_ALPHA_0_5_BETA_0_4_NR_ITER_100                                                                                             ,"{'suffix': 'PSO_POP_100_ALPHA_0_5_BETA_0_4_NR_ITER_100', 'size_of_population': 100, 'alpha': 0.5, 'beta': 0.4, 'max_iterations': 100}",11.3                  ,11.3                  ,nan                   ,11.3                 ,0.09374713897705078                    ,nan                                         ,nan                                   ,nan                                        ,nan                                               ,nan                                                    ,nan
11             ,12                        ,TSP_CITIES_SET_12_N_11.json,CPU               ,particle_swarm_tsp,nan                   ,nan     ,[]                 ,False                  ,nan                    ,nan        ,[]          ,nan                                       ,PSO_POP_100_ALPHA_0_5_BETA_0_4_NR_ITER_100                                                                                             ,"{'suffix': 'PSO_POP_100_ALPHA_0_5_BETA_0_4_NR_ITER_100', 'size_of_population': 100, 'alpha': 0.5, 'beta': 0.4, 'max_iterations': 100}",7.4                   ,7.4                   ,nan                   ,7.4                  ,0.06249260902404785                    ,nan                                         ,nan                                   ,nan                                        ,nan                                               ,nan                                                    ,nan
11             ,13                        ,TSP_CITIES_SET_13_N_11.json,CPU               ,particle_swarm_tsp,nan                   ,nan     ,[]                 ,False                  ,nan                    ,nan        ,[]          ,nan                                       ,PSO_POP_100_ALPHA_0_5_BETA_0_4_NR_ITER_100                                                                                             ,"{'suffix': 'PSO_POP_100_ALPHA_0_5_BETA_0_4_NR_ITER_100', 'size_of_population': 100, 'alpha': 0.5, 'beta': 0.4, 'max_iterations': 100}",10.7                  ,10.7                  ,nan                   ,10.7                 ,0.0937340259552002                     ,nan                                         ,nan                                   ,nan                                        ,nan                                               ,nan                                                    ,nan
11             ,14                        ,TSP_CITIES_SET_14_N_11.json,CPU               ,particle_swarm_tsp,nan                   ,nan     ,[]                 ,False                  ,nan                    ,nan        ,[]          ,nan                                       ,PSO_POP_100_ALPHA_0_5_BETA_0_4_NR_ITER_100                                                                                             ,"{'suffix': 'PSO_POP_100_ALPHA_0_5_BETA_0_4_NR_ITER_100', 'size_of_population': 100, 'alpha': 0.5, 'beta': 0.4, 'max_iterations': 100}",12.5                  ,12.5                  ,nan                   ,12.5                 ,0.10933351516723633                    ,nan                                         ,nan                                   ,nan                                        ,nan                                               ,nan                                                    ,nan
11             ,15                        ,TSP_CITIES_SET_15_N_11.json,CPU               ,particle_swarm_tsp,nan                   ,nan     ,[]                 ,False                  ,nan                    ,nan        ,[]          ,nan                                       ,PSO_POP_100_ALPHA_0_5_BETA_0_4_NR_ITER_100                                                                                             ,"{'suffix': 'PSO_POP_100_ALPHA_0_5_BETA_0_4_NR_ITER_100', 'size_of_population': 100, 'alpha': 0.5, 'beta': 0.4, 'max_iterations': 100}",9.4                   ,9.4                   ,nan                   ,9.4                  ,0.09375381469726562                    ,nan                                         ,nan                                   ,nan                                        ,nan                                               ,nan                                                    ,nan
11             ,16                        ,TSP_CITIES_SET_16_N_11.json,CPU               ,particle_swarm_tsp,nan                   ,nan     ,[]                 ,False                  ,nan                    ,nan        ,[]          ,nan                                       ,PSO_POP_100_ALPHA_0_5_BETA_0_4_NR_ITER_100                                                                                             ,"{'suffix': 'PSO_POP_100_ALPHA_0_5_BETA_0_4_NR_ITER_100', 'size_of_population': 100, 'alpha': 0.5, 'beta': 0.4, 'max_iterations': 100}",28.1                  ,28.1                  ,nan                   ,28.1                 ,0.10937070846557617                    ,nan                                         ,nan                                   ,nan                                        ,nan                                               ,nan                                                    ,nan
11             ,17                        ,TSP_CITIES_SET_17_N_11.json,CPU               ,particle_swarm_tsp,nan                   ,nan     ,[]                 ,False                  ,nan                    ,nan        ,[]          ,nan                                       ,PSO_POP_100_ALPHA_0_5_BETA_0_4_NR_ITER_100                                                                                             ,"{'suffix': 'PSO_POP_100_ALPHA_0_5_BETA_0_4_NR_ITER_100', 'size_of_population': 100, 'alpha': 0.5, 'beta': 0.4, 'max_iterations': 100}",7.1                   ,7.1                   ,nan                   ,7.1                  ,0.06252121925354004                    ,nan                                         ,nan                                   ,nan                                        ,nan                                               ,nan                                                    ,nan
11             ,18                        ,TSP_CITIES_SET_18_N_11.json,CPU               ,particle_swarm_tsp,nan                   ,nan     ,[]                 ,False                  ,nan                    ,nan        ,[]          ,nan                                       ,PSO_POP_100_ALPHA_0_5_BETA_0_4_NR_ITER_100                                                                                             ,"{'suffix': 'PSO_POP_100_ALPHA_0_5_BETA_0_4_NR_ITER_100', 'size_of_population': 100, 'alpha': 0.5, 'beta': 0.4, 'max_iterations': 100}",7.5                   ,7.5                   ,nan                   ,7.5                  ,0.06251025199890137                    ,nan                                         ,nan                                   ,nan                                        ,nan                                               ,nan                                                    ,nan
11             ,19                        ,TSP_CITIES_SET_19_N_11.json,CPU               ,particle_swarm_tsp,nan                   ,nan     ,[]                 ,False                  ,nan                    ,nan        ,[]          ,nan                                       ,PSO_POP_100_ALPHA_0_5_BETA_0_4_NR_ITER_100                                                                                             ,"{'suffix': 'PSO_POP_100_ALPHA_0_5_BETA_0_4_NR_ITER_100', 'size_of_population': 100, 'alpha': 0.5, 'beta': 0.4, 'max_iterations': 100}",21.9                  ,21.9                  ,nan                   ,21.9                 ,0.09370946884155273                    ,nan                                         ,nan                                   ,nan                                        ,nan                                               ,nan                                                    ,nan
11             ,20                        ,TSP_CITIES_SET_20_N_11.json,CPU               ,particle_swarm_tsp,nan                   ,nan     ,[]                 ,False                  ,nan                    ,nan        ,[]          ,nan                                       ,PSO_POP_100_ALPHA_0_5_BETA_0_4_NR_ITER_100                                                                                             ,"{'suffix': 'PSO_POP_100_ALPHA_0_5_BETA_0_4_NR_ITER_100', 'size_of_population': 100, 'alpha': 0.5, 'beta': 0.4, 'max_iterations': 100}",7.9                   ,7.9                   ,nan                   ,7.9                  ,0.07812047004699707                    ,nan                                         ,nan                                   ,nan                                        ,nan                                               ,nan                                                    ,nan
11             ,21                        ,TSP_CITIES_SET_21_N_11.json,CPU               ,particle_swarm_tsp,nan                   ,nan     ,[]                 ,False                  ,nan                    ,nan        ,[]          ,nan                                       ,PSO_POP_100_ALPHA_0_5_BETA_0_4_NR_ITER_100                                                                                             ,"{'suffix': 'PSO_POP_100_ALPHA_0_5_BETA_0_4_NR_ITER_100', 'size_of_population': 100, 'alpha': 0.5, 'beta': 0.4, 'max_iterations': 100}",15.6                  ,15.6                  ,nan                   ,15.6                 ,0.10936975479125977                    ,nan                                         ,nan                                   ,nan                                        ,nan                                               ,nan                                                    ,nan
11             ,22                        ,TSP_CITIES_SET_22_N_11.json,CPU               ,particle_swarm_tsp,nan                   ,nan     ,[]                 ,False                  ,nan                    ,nan        ,[]          ,nan                                       ,PSO_POP_100_ALPHA_0_5_BETA_0_4_NR_ITER_100                                                                                             ,"{'suffix': 'PSO_POP_100_ALPHA_0_5_BETA_0_4_NR_ITER_100', 'size_of_population': 100, 'alpha': 0.5, 'beta': 0.4, 'max_iterations': 100}",32.4                  ,32.4                  ,nan                   ,32.4                 ,0.18090367317199707                    ,nan                                         ,nan                                   ,nan                                        ,nan                                               ,nan                                                    ,nan
11             ,23                        ,TSP_CITIES_SET_23_N_11.json,CPU               ,particle_swarm_tsp,nan                   ,nan     ,[]                 ,False                  ,nan                    ,nan        ,[]          ,nan                                       ,PSO_POP_100_ALPHA_0_5_BETA_0_4_NR_ITER_100                                                                                             ,"{'suffix': 'PSO_POP_100_ALPHA_0_5_BETA_0_4_NR_ITER_100', 'size_of_population': 100, 'alpha': 0.5, 'beta': 0.4, 'max_iterations': 100}",9.5                   ,9.5                   ,nan                   ,9.5                  ,0.09374618530273438                    ,nan                                         ,nan                                   ,nan                                        ,nan                                               ,nan                                                    ,nan
11             ,24                        ,TSP_CITIES_SET_24_N_11.json,CPU               ,particle_swarm_tsp,nan                   ,nan     ,[]                 ,False                  ,nan                    ,nan        ,[]          ,nan                                       ,PSO_POP_100_ALPHA_0_5_BETA_0_4_NR_ITER_100                                                                                             ,"{'suffix': 'PSO_POP_100_ALPHA_0_5_BETA_0_4_NR_ITER_100', 'size_of_population': 100, 'alpha': 0.5, 'beta': 0.4, 'max_iterations': 100}",9.5                   ,9.5                   ,nan                   ,9.5                  ,0.09373188018798828                    ,nan                                         ,nan                                   ,nan                                        ,nan                                               ,nan                                                    ,nan
11             ,25                        ,TSP_CITIES_SET_25_N_11.json,CPU               ,particle_swarm_tsp,nan                   ,nan     ,[]                 ,False                  ,nan                    ,nan        ,[]          ,nan                                       ,PSO_POP_100_ALPHA_0_5_BETA_0_4_NR_ITER_100                                                                                             ,"{'suffix': 'PSO_POP_100_ALPHA_0_5_BETA_0_4_NR_ITER_100', 'size_of_population': 100, 'alpha': 0.5, 'beta': 0.4, 'max_iterations': 100}",8.9                   ,8.9                   ,nan                   ,8.9                  ,0.07812142372131348                    ,nan                                         ,nan                                   ,nan                                        ,nan                                               ,nan                                                    ,nan
11             ,26                        ,TSP_CITIES_SET_26_N_11.json,CPU               ,particle_swarm_tsp,nan                   ,nan     ,[]                 ,False                  ,nan                    ,nan        ,[]          ,nan                                       ,PSO_POP_100_ALPHA_0_5_BETA_0_4_NR_ITER_100                                                                                             ,"{'suffix': 'PSO_POP_100_ALPHA_0_5_BETA_0_4_NR_ITER_100', 'size_of_population': 100, 'alpha': 0.5, 'beta': 0.4, 'max_iterations': 100}",21.9                  ,21.9                  ,nan                   ,21.9                 ,0.0937490463256836                     ,nan                                         ,nan                                   ,nan                                        ,nan                                               ,nan                                                    ,nan
11             ,27                        ,TSP_CITIES_SET_27_N_11.json,CPU               ,particle_swarm_tsp,nan                   ,nan     ,[]                 ,False                  ,nan                    ,nan        ,[]          ,nan                                       ,PSO_POP_100_ALPHA_0_5_BETA_0_4_NR_ITER_100                                                                                             ,"{'suffix': 'PSO_POP_100_ALPHA_0_5_BETA_0_4_NR_ITER_100', 'size_of_population': 100, 'alpha': 0.5, 'beta': 0.4, 'max_iterations': 100}",7.4                   ,7.4                   ,nan                   ,7.4                  ,0.06249737739562988                    ,nan                                         ,nan                                   ,nan                                        ,nan                                               ,nan                                                    ,nan
11             ,28                        ,TSP_CITIES_SET_28_N_11.json,CPU               ,particle_swarm_tsp,nan                   ,nan     ,[]                 ,False                  ,nan                    ,nan        ,[]          ,nan                                       ,PSO_POP_100_ALPHA_0_5_BETA_0_4_NR_ITER_100                                                                                             ,"{'suffix': 'PSO_POP_100_ALPHA_0_5_BETA_0_4_NR_ITER_100', 'size_of_population': 100, 'alpha': 0.5, 'beta': 0.4, 'max_iterations': 100}",8.8                   ,8.8                   ,nan                   ,8.8                  ,0.0781104564666748                     ,nan                                         ,nan                                   ,nan                                        ,nan                                               ,nan                                                    ,nan
11             ,29                        ,TSP_CITIES_SET_29_N_11.json,CPU               ,particle_swarm_tsp,nan                   ,nan     ,[]                 ,False                  ,nan                    ,nan        ,[]          ,nan                                       ,PSO_POP_100_ALPHA_0_5_BETA_0_4_NR_ITER_100                                                                                             ,"{'suffix': 'PSO_POP_100_ALPHA_0_5_BETA_0_4_NR_ITER_100', 'size_of_population': 100, 'alpha': 0.5, 'beta': 0.4, 'max_iterations': 100}",12.5                  ,12.5                  ,nan                   ,12.5                 ,0.0937814712524414                     ,nan                                         ,nan                                   ,nan                                        ,nan                                               ,nan                                                    ,nan
11             ,30                        ,TSP_CITIES_SET_30_N_11.json,CPU               ,particle_swarm_tsp,nan                   ,nan     ,[]                 ,False                  ,nan                    ,nan        ,[]          ,nan                                       ,PSO_POP_100_ALPHA_0_5_BETA_0_4_NR_ITER_100                                                                                             ,"{'suffix': 'PSO_POP_100_ALPHA_0_5_BETA_0_4_NR_ITER_100', 'size_of_population': 100, 'alpha': 0.5, 'beta': 0.4, 'max_iterations': 100}",9.4                   ,9.4                   ,nan                   ,9.4                  ,0.07811975479125977                    ,nan                                         ,nan                                   ,nan                                        ,nan                                               ,nan                                                    ,nan
11             ,31                        ,TSP_CITIES_SET_31_N_11.json,CPU               ,particle_swarm_tsp,nan                   ,nan     ,[]                 ,False                  ,nan                    ,nan        ,[]          ,nan                                       ,PSO_POP_100_ALPHA_0_5_BETA_0_4_NR_ITER_100                                                                                             ,"{'suffix': 'PSO_POP_100_ALPHA_0_5_BETA_0_4_NR_ITER_100', 'size_of_population': 100, 'alpha': 0.5, 'beta': 0.4, 'max_iterations': 100}",6.2                   ,6.2                   ,nan                   ,6.2                  ,0.06249666213989258                    ,nan                                         ,nan                                   ,nan                                        ,nan                                               ,nan                                                    ,nan
11             ,32                        ,TSP_CITIES_SET_32_N_11.json,CPU               ,particle_swarm_tsp,nan                   ,nan     ,[]                 ,False                  ,nan                    ,nan        ,[]          ,nan                                       ,PSO_POP_100_ALPHA_0_5_BETA_0_4_NR_ITER_100                                                                                             ,"{'suffix': 'PSO_POP_100_ALPHA_0_5_BETA_0_4_NR_ITER_100', 'size_of_population': 100, 'alpha': 0.5, 'beta': 0.4, 'max_iterations': 100}",21.4                  ,21.4                  ,nan                   ,21.4                 ,0.07812237739562988                    ,nan                                         ,nan                                   ,nan                                        ,nan                                               ,nan                                                    ,nan
11             ,33                        ,TSP_CITIES_SET_33_N_11.json,CPU               ,particle_swarm_tsp,nan                   ,nan     ,[]                 ,False                  ,nan                    ,nan        ,[]          ,nan                                       ,PSO_POP_100_ALPHA_0_5_BETA_0_4_NR_ITER_100                                                                                             ,"{'suffix': 'PSO_POP_100_ALPHA_0_5_BETA_0_4_NR_ITER_100', 'size_of_population': 100, 'alpha': 0.5, 'beta': 0.4, 'max_iterations': 100}",8.6                   ,8.6                   ,nan                   ,8.6                  ,0.0781242847442627                     ,nan                                         ,nan                                   ,nan                                        ,nan                                               ,nan                                                    ,nan
11             ,34                        ,TSP_CITIES_SET_34_N_11.json,CPU               ,particle_swarm_tsp,nan                   ,nan     ,[]                 ,False                  ,nan                    ,nan        ,[]          ,nan                                       ,PSO_POP_100_ALPHA_0_5_BETA_0_4_NR_ITER_100                                                                                             ,"{'suffix': 'PSO_POP_100_ALPHA_0_5_BETA_0_4_NR_ITER_100', 'size_of_population': 100, 'alpha': 0.5, 'beta': 0.4, 'max_iterations': 100}",9.4                   ,9.4                   ,nan                   ,9.4                  ,0.09372758865356445                    ,nan                                         ,nan                                   ,nan                                        ,nan                                               ,nan                                                    ,nan
11             ,35                        ,TSP_CITIES_SET_35_N_11.json,CPU               ,particle_swarm_tsp,nan                   ,nan     ,[]                 ,False                  ,nan                    ,nan        ,[]          ,nan                                       ,PSO_POP_100_ALPHA_0_5_BETA_0_4_NR_ITER_100                                                                                             ,"{'suffix': 'PSO_POP_100_ALPHA_0_5_BETA_0_4_NR_ITER_100', 'size_of_population': 100, 'alpha': 0.5, 'beta': 0.4, 'max_iterations': 100}",8.2                   ,8.2                   ,nan                   ,8.2                  ,0.07812070846557617                    ,nan                                         ,nan                                   ,nan                                        ,nan                                               ,nan                                                    ,nan
11             ,36                        ,TSP_CITIES_SET_36_N_11.json,CPU               ,particle_swarm_tsp,nan                   ,nan     ,[]                 ,False                  ,nan                    ,nan        ,[]          ,nan                                       ,PSO_POP_100_ALPHA_0_5_BETA_0_4_NR_ITER_100                                                                                             ,"{'suffix': 'PSO_POP_100_ALPHA_0_5_BETA_0_4_NR_ITER_100', 'size_of_population': 100, 'alpha': 0.5, 'beta': 0.4, 'max_iterations': 100}",21.1                  ,21.1                  ,nan                   ,21.1                 ,0.078155517578125                      ,nan                                         ,nan                                   ,nan                                        ,nan                                               ,nan                                                    ,nan
11             ,37                        ,TSP_CITIES_SET_37_N_11.json,CPU               ,particle_swarm_tsp,nan                   ,nan     ,[]                 ,False                  ,nan                    ,nan        ,[]          ,nan                                       ,PSO_POP_100_ALPHA_0_5_BETA_0_4_NR_ITER_100                                                                                             ,"{'suffix': 'PSO_POP_100_ALPHA_0_5_BETA_0_4_NR_ITER_100', 'size_of_population': 100, 'alpha': 0.5, 'beta': 0.4, 'max_iterations': 100}",7.8                   ,7.8                   ,nan                   ,7.8                  ,0.07812237739562988                    ,nan                                         ,nan                                   ,nan                                        ,nan                                               ,nan                                                    ,nan
11             ,38                        ,TSP_CITIES_SET_38_N_11.json,CPU               ,particle_swarm_tsp,nan                   ,nan     ,[]                 ,False                  ,nan                    ,nan        ,[]          ,nan                                       ,PSO_POP_100_ALPHA_0_5_BETA_0_4_NR_ITER_100                                                                                             ,"{'suffix': 'PSO_POP_100_ALPHA_0_5_BETA_0_4_NR_ITER_100', 'size_of_population': 100, 'alpha': 0.5, 'beta': 0.4, 'max_iterations': 100}",7.8                   ,7.8                   ,nan                   ,7.8                  ,0.07812380790710449                    ,nan                                         ,nan                                   ,nan                                        ,nan                                               ,nan                                                    ,nan
11             ,39                        ,TSP_CITIES_SET_39_N_11.json,CPU               ,particle_swarm_tsp,nan                   ,nan     ,[]                 ,False                  ,nan                    ,nan        ,[]          ,nan                                       ,PSO_POP_100_ALPHA_0_5_BETA_0_4_NR_ITER_100                                                                                             ,"{'suffix': 'PSO_POP_100_ALPHA_0_5_BETA_0_4_NR_ITER_100', 'size_of_population': 100, 'alpha': 0.5, 'beta': 0.4, 'max_iterations': 100}",7.9                   ,7.9                   ,nan                   ,7.9                  ,0.0781254768371582                     ,nan                                         ,nan                                   ,nan                                        ,nan                                               ,nan                                                    ,nan
11             ,40                        ,TSP_CITIES_SET_40_N_11.json,CPU               ,particle_swarm_tsp,nan                   ,nan     ,[]                 ,False                  ,nan                    ,nan        ,[]          ,nan                                       ,PSO_POP_100_ALPHA_0_5_BETA_0_4_NR_ITER_100                                                                                             ,"{'suffix': 'PSO_POP_100_ALPHA_0_5_BETA_0_4_NR_ITER_100', 'size_of_population': 100, 'alpha': 0.5, 'beta': 0.4, 'max_iterations': 100}",7.1                   ,7.1                   ,nan                   ,7.1                  ,0.06250143051147461                    ,nan                                         ,nan                                   ,nan                                        ,nan                                               ,nan                                                    ,nan
11             ,41                        ,TSP_CITIES_SET_41_N_11.json,CPU               ,particle_swarm_tsp,nan                   ,nan     ,[]                 ,False                  ,nan                    ,nan        ,[]          ,nan                                       ,PSO_POP_100_ALPHA_0_5_BETA_0_4_NR_ITER_100                                                                                             ,"{'suffix': 'PSO_POP_100_ALPHA_0_5_BETA_0_4_NR_ITER_100', 'size_of_population': 100, 'alpha': 0.5, 'beta': 0.4, 'max_iterations': 100}",22.2                  ,22.2                  ,nan                   ,22.2                 ,0.09374475479125977                    ,nan                                         ,nan                                   ,nan                                        ,nan                                               ,nan                                                    ,nan
11             ,42                        ,TSP_CITIES_SET_42_N_11.json,CPU               ,particle_swarm_tsp,nan                   ,nan     ,[]                 ,False                  ,nan                    ,nan        ,[]          ,nan                                       ,PSO_POP_100_ALPHA_0_5_BETA_0_4_NR_ITER_100                                                                                             ,"{'suffix': 'PSO_POP_100_ALPHA_0_5_BETA_0_4_NR_ITER_100', 'size_of_population': 100, 'alpha': 0.5, 'beta': 0.4, 'max_iterations': 100}",8.1                   ,8.1                   ,nan                   ,8.1                  ,0.07812142372131348                    ,nan                                         ,nan                                   ,nan                                        ,nan                                               ,nan                                                    ,nan
11             ,43                        ,TSP_CITIES_SET_43_N_11.json,CPU               ,particle_swarm_tsp,nan                   ,nan     ,[]                 ,False                  ,nan                    ,nan        ,[]          ,nan                                       ,PSO_POP_100_ALPHA_0_5_BETA_0_4_NR_ITER_100                                                                                             ,"{'suffix': 'PSO_POP_100_ALPHA_0_5_BETA_0_4_NR_ITER_100', 'size_of_population': 100, 'alpha': 0.5, 'beta': 0.4, 'max_iterations': 100}",9.6                   ,9.6                   ,nan                   ,9.6                  ,0.07812094688415527                    ,nan                                         ,nan                                   ,nan                                        ,nan                                               ,nan                                                    ,nan
11             ,44                        ,TSP_CITIES_SET_44_N_11.json,CPU               ,particle_swarm_tsp,nan                   ,nan     ,[]                 ,False                  ,nan                    ,nan        ,[]          ,nan                                       ,PSO_POP_100_ALPHA_0_5_BETA_0_4_NR_ITER_100                                                                                             ,"{'suffix': 'PSO_POP_100_ALPHA_0_5_BETA_0_4_NR_ITER_100', 'size_of_population': 100, 'alpha': 0.5, 'beta': 0.4, 'max_iterations': 100}",8.9                   ,8.9                   ,nan                   ,8.9                  ,0.07811999320983887                    ,nan                                         ,nan                                   ,nan                                        ,nan                                               ,nan                                                    ,nan
11             ,45                        ,TSP_CITIES_SET_45_N_11.json,CPU               ,particle_swarm_tsp,nan                   ,nan     ,[]                 ,False                  ,nan                    ,nan        ,[]          ,nan                                       ,PSO_POP_100_ALPHA_0_5_BETA_0_4_NR_ITER_100                                                                                             ,"{'suffix': 'PSO_POP_100_ALPHA_0_5_BETA_0_4_NR_ITER_100', 'size_of_population': 100, 'alpha': 0.5, 'beta': 0.4, 'max_iterations': 100}",24.1                  ,24.1                  ,nan                   ,24.1                 ,0.09374880790710449                    ,nan                                         ,nan                                   ,nan                                        ,nan                                               ,nan                                                    ,nan
11             ,46                        ,TSP_CITIES_SET_46_N_11.json,CPU               ,particle_swarm_tsp,nan                   ,nan     ,[]                 ,False                  ,nan                    ,nan        ,[]          ,nan                                       ,PSO_POP_100_ALPHA_0_5_BETA_0_4_NR_ITER_100                                                                                             ,"{'suffix': 'PSO_POP_100_ALPHA_0_5_BETA_0_4_NR_ITER_100', 'size_of_population': 100, 'alpha': 0.5, 'beta': 0.4, 'max_iterations': 100}",25.0                  ,25.0                  ,nan                   ,25.0                 ,0.12498903274536133                    ,nan                                         ,nan                                   ,nan                                        ,nan                                               ,nan                                                    ,nan
11             ,47                        ,TSP_CITIES_SET_47_N_11.json,CPU               ,particle_swarm_tsp,nan                   ,nan     ,[]                 ,False                  ,nan                    ,nan        ,[]          ,nan                                       ,PSO_POP_100_ALPHA_0_5_BETA_0_4_NR_ITER_100                                                                                             ,"{'suffix': 'PSO_POP_100_ALPHA_0_5_BETA_0_4_NR_ITER_100', 'size_of_population': 100, 'alpha': 0.5, 'beta': 0.4, 'max_iterations': 100}",11.1                  ,11.1                  ,nan                   ,11.1                 ,0.09068489074707031                    ,nan                                         ,nan                                   ,nan                                        ,nan                                               ,nan                                                    ,nan
11             ,48                        ,TSP_CITIES_SET_48_N_11.json,CPU               ,particle_swarm_tsp,nan                   ,nan     ,[]                 ,False                  ,nan                    ,nan        ,[]          ,nan                                       ,PSO_POP_100_ALPHA_0_5_BETA_0_4_NR_ITER_100                                                                                             ,"{'suffix': 'PSO_POP_100_ALPHA_0_5_BETA_0_4_NR_ITER_100', 'size_of_population': 100, 'alpha': 0.5, 'beta': 0.4, 'max_iterations': 100}",9.4                   ,9.4                   ,nan                   ,9.4                  ,0.07550477981567383                    ,nan                                         ,nan                                   ,nan                                        ,nan                                               ,nan                                                    ,nan
11             ,49                        ,TSP_CITIES_SET_49_N_11.json,CPU               ,particle_swarm_tsp,nan                   ,nan     ,[]                 ,False                  ,nan                    ,nan        ,[]          ,nan                                       ,PSO_POP_100_ALPHA_0_5_BETA_0_4_NR_ITER_100                                                                                             ,"{'suffix': 'PSO_POP_100_ALPHA_0_5_BETA_0_4_NR_ITER_100', 'size_of_population': 100, 'alpha': 0.5, 'beta': 0.4, 'max_iterations': 100}",8.2                   ,8.2                   ,nan                   ,8.2                  ,0.07812142372131348                    ,nan                                         ,nan                                   ,nan                                        ,nan                                               ,nan                                                    ,nan
11             ,50                        ,TSP_CITIES_SET_50_N_11.json,CPU               ,particle_swarm_tsp,nan                   ,nan     ,[]                 ,False                  ,nan                    ,nan        ,[]          ,nan                                       ,PSO_POP_100_ALPHA_0_5_BETA_0_4_NR_ITER_100                                                                                             ,"{'suffix': 'PSO_POP_100_ALPHA_0_5_BETA_0_4_NR_ITER_100', 'size_of_population': 100, 'alpha': 0.5, 'beta': 0.4, 'max_iterations': 100}",26.6                  ,26.6                  ,nan                   ,26.6                 ,0.12251758575439453                    ,nan                                         ,nan                                   ,nan                                        ,nan                                               ,nan                                                    ,nan
11             ,51                        ,TSP_CITIES_SET_51_N_11.json,CPU               ,particle_swarm_tsp,nan                   ,nan     ,[]                 ,False                  ,nan                    ,nan        ,[]          ,nan                                       ,PSO_POP_100_ALPHA_0_5_BETA_0_4_NR_ITER_100                                                                                             ,"{'suffix': 'PSO_POP_100_ALPHA_0_5_BETA_0_4_NR_ITER_100', 'size_of_population': 100, 'alpha': 0.5, 'beta': 0.4, 'max_iterations': 100}",23.3                  ,23.3                  ,nan                   ,23.3                 ,0.09377813339233398                    ,nan                                         ,nan                                   ,nan                                        ,nan                                               ,nan                                                    ,nan
11             ,52                        ,TSP_CITIES_SET_52_N_11.json,CPU               ,particle_swarm_tsp,nan                   ,nan     ,[]                 ,False                  ,nan                    ,nan        ,[]          ,nan                                       ,PSO_POP_100_ALPHA_0_5_BETA_0_4_NR_ITER_100                                                                                             ,"{'suffix': 'PSO_POP_100_ALPHA_0_5_BETA_0_4_NR_ITER_100', 'size_of_population': 100, 'alpha': 0.5, 'beta': 0.4, 'max_iterations': 100}",9.1                   ,9.1                   ,nan                   ,9.1                  ,0.0781550407409668                     ,nan                                         ,nan                                   ,nan                                        ,nan                                               ,nan                                                    ,nan
11             ,53                        ,TSP_CITIES_SET_53_N_11.json,CPU               ,particle_swarm_tsp,nan                   ,nan     ,[]                 ,False                  ,nan                    ,nan        ,[]          ,nan                                       ,PSO_POP_100_ALPHA_0_5_BETA_0_4_NR_ITER_100                                                                                             ,"{'suffix': 'PSO_POP_100_ALPHA_0_5_BETA_0_4_NR_ITER_100', 'size_of_population': 100, 'alpha': 0.5, 'beta': 0.4, 'max_iterations': 100}",11.1                  ,11.1                  ,nan                   ,11.1                 ,0.07549571990966797                    ,nan                                         ,nan                                   ,nan                                        ,nan                                               ,nan                                                    ,nan
11             ,54                        ,TSP_CITIES_SET_54_N_11.json,CPU               ,particle_swarm_tsp,nan                   ,nan     ,[]                 ,False                  ,nan                    ,nan        ,[]          ,nan                                       ,PSO_POP_100_ALPHA_0_5_BETA_0_4_NR_ITER_100                                                                                             ,"{'suffix': 'PSO_POP_100_ALPHA_0_5_BETA_0_4_NR_ITER_100', 'size_of_population': 100, 'alpha': 0.5, 'beta': 0.4, 'max_iterations': 100}",7.0                   ,7.0                   ,nan                   ,7.0                  ,0.06249666213989258                    ,nan                                         ,nan                                   ,nan                                        ,nan                                               ,nan                                                    ,nan
11             ,55                        ,TSP_CITIES_SET_55_N_11.json,CPU               ,particle_swarm_tsp,nan                   ,nan     ,[]                 ,False                  ,nan                    ,nan        ,[]          ,nan                                       ,PSO_POP_100_ALPHA_0_5_BETA_0_4_NR_ITER_100                                                                                             ,"{'suffix': 'PSO_POP_100_ALPHA_0_5_BETA_0_4_NR_ITER_100', 'size_of_population': 100, 'alpha': 0.5, 'beta': 0.4, 'max_iterations': 100}",8.5                   ,8.5                   ,nan                   ,8.5                  ,0.07812213897705078                    ,nan                                         ,nan                                   ,nan                                        ,nan                                               ,nan                                                    ,nan
11             ,56                        ,TSP_CITIES_SET_56_N_11.json,CPU               ,particle_swarm_tsp,nan                   ,nan     ,[]                 ,False                  ,nan                    ,nan        ,[]          ,nan                                       ,PSO_POP_100_ALPHA_0_5_BETA_0_4_NR_ITER_100                                                                                             ,"{'suffix': 'PSO_POP_100_ALPHA_0_5_BETA_0_4_NR_ITER_100', 'size_of_population': 100, 'alpha': 0.5, 'beta': 0.4, 'max_iterations': 100}",19.6                  ,19.6                  ,nan                   ,19.6                 ,0.0625007152557373                     ,nan                                         ,nan                                   ,nan                                        ,nan                                               ,nan                                                    ,nan
11             ,57                        ,TSP_CITIES_SET_57_N_11.json,CPU               ,particle_swarm_tsp,nan                   ,nan     ,[]                 ,False                  ,nan                    ,nan        ,[]          ,nan                                       ,PSO_POP_100_ALPHA_0_5_BETA_0_4_NR_ITER_100                                                                                             ,"{'suffix': 'PSO_POP_100_ALPHA_0_5_BETA_0_4_NR_ITER_100', 'size_of_population': 100, 'alpha': 0.5, 'beta': 0.4, 'max_iterations': 100}",7.8                   ,7.8                   ,nan                   ,7.8                  ,0.07812285423278809                    ,nan                                         ,nan                                   ,nan                                        ,nan                                               ,nan                                                    ,nan
11             ,58                        ,TSP_CITIES_SET_58_N_11.json,CPU               ,particle_swarm_tsp,nan                   ,nan     ,[]                 ,False                  ,nan                    ,nan        ,[]          ,nan                                       ,PSO_POP_100_ALPHA_0_5_BETA_0_4_NR_ITER_100                                                                                             ,"{'suffix': 'PSO_POP_100_ALPHA_0_5_BETA_0_4_NR_ITER_100', 'size_of_population': 100, 'alpha': 0.5, 'beta': 0.4, 'max_iterations': 100}",11.1                  ,11.1                  ,nan                   ,11.1                 ,0.07813644409179688                    ,nan                                         ,nan                                   ,nan                                        ,nan                                               ,nan                                                    ,nan
11             ,59                        ,TSP_CITIES_SET_59_N_11.json,CPU               ,particle_swarm_tsp,nan                   ,nan     ,[]                 ,False                  ,nan                    ,nan        ,[]          ,nan                                       ,PSO_POP_100_ALPHA_0_5_BETA_0_4_NR_ITER_100                                                                                             ,"{'suffix': 'PSO_POP_100_ALPHA_0_5_BETA_0_4_NR_ITER_100', 'size_of_population': 100, 'alpha': 0.5, 'beta': 0.4, 'max_iterations': 100}",7.1                   ,7.1                   ,nan                   ,7.1                  ,0.06249570846557617                    ,nan                                         ,nan                                   ,nan                                        ,nan                                               ,nan                                                    ,nan
11             ,60                        ,TSP_CITIES_SET_60_N_11.json,CPU               ,particle_swarm_tsp,nan                   ,nan     ,[]                 ,False                  ,nan                    ,nan        ,[]          ,nan                                       ,PSO_POP_100_ALPHA_0_5_BETA_0_4_NR_ITER_100                                                                                             ,"{'suffix': 'PSO_POP_100_ALPHA_0_5_BETA_0_4_NR_ITER_100', 'size_of_population': 100, 'alpha': 0.5, 'beta': 0.4, 'max_iterations': 100}",9.7                   ,9.7                   ,nan                   ,9.7                  ,0.09377789497375488                    ,nan                                         ,nan                                   ,nan                                        ,nan                                               ,nan                                                    ,nan
11             ,61                        ,TSP_CITIES_SET_61_N_11.json,CPU               ,particle_swarm_tsp,nan                   ,nan     ,[]                 ,False                  ,nan                    ,nan        ,[]          ,nan                                       ,PSO_POP_100_ALPHA_0_5_BETA_0_4_NR_ITER_100                                                                                             ,"{'suffix': 'PSO_POP_100_ALPHA_0_5_BETA_0_4_NR_ITER_100', 'size_of_population': 100, 'alpha': 0.5, 'beta': 0.4, 'max_iterations': 100}",20.3                  ,20.3                  ,nan                   ,20.3                 ,0.07812118530273438                    ,nan                                         ,nan                                   ,nan                                        ,nan                                               ,nan                                                    ,nan
11             ,62                        ,TSP_CITIES_SET_62_N_11.json,CPU               ,particle_swarm_tsp,nan                   ,nan     ,[]                 ,False                  ,nan                    ,nan        ,[]          ,nan                                       ,PSO_POP_100_ALPHA_0_5_BETA_0_4_NR_ITER_100                                                                                             ,"{'suffix': 'PSO_POP_100_ALPHA_0_5_BETA_0_4_NR_ITER_100', 'size_of_population': 100, 'alpha': 0.5, 'beta': 0.4, 'max_iterations': 100}",8.3                   ,8.3                   ,nan                   ,8.3                  ,0.07812237739562988                    ,nan                                         ,nan                                   ,nan                                        ,nan                                               ,nan                                                    ,nan
11             ,63                        ,TSP_CITIES_SET_63_N_11.json,CPU               ,particle_swarm_tsp,nan                   ,nan     ,[]                 ,False                  ,nan                    ,nan        ,[]          ,nan                                       ,PSO_POP_100_ALPHA_0_5_BETA_0_4_NR_ITER_100                                                                                             ,"{'suffix': 'PSO_POP_100_ALPHA_0_5_BETA_0_4_NR_ITER_100', 'size_of_population': 100, 'alpha': 0.5, 'beta': 0.4, 'max_iterations': 100}",7.7                   ,7.7                   ,nan                   ,7.7                  ,0.06249499320983887                    ,nan                                         ,nan                                   ,nan                                        ,nan                                               ,nan                                                    ,nan
11             ,64                        ,TSP_CITIES_SET_64_N_11.json,CPU               ,particle_swarm_tsp,nan                   ,nan     ,[]                 ,False                  ,nan                    ,nan        ,[]          ,nan                                       ,PSO_POP_100_ALPHA_0_5_BETA_0_4_NR_ITER_100                                                                                             ,"{'suffix': 'PSO_POP_100_ALPHA_0_5_BETA_0_4_NR_ITER_100', 'size_of_population': 100, 'alpha': 0.5, 'beta': 0.4, 'max_iterations': 100}",11.1                  ,11.1                  ,nan                   ,11.1                 ,0.09125971794128418                    ,nan                                         ,nan                                   ,nan                                        ,nan                                               ,nan                                                    ,nan
11             ,65                        ,TSP_CITIES_SET_65_N_11.json,CPU               ,particle_swarm_tsp,nan                   ,nan     ,[]                 ,False                  ,nan                    ,nan        ,[]          ,nan                                       ,PSO_POP_100_ALPHA_0_5_BETA_0_4_NR_ITER_100                                                                                             ,"{'suffix': 'PSO_POP_100_ALPHA_0_5_BETA_0_4_NR_ITER_100', 'size_of_population': 100, 'alpha': 0.5, 'beta': 0.4, 'max_iterations': 100}",8.8                   ,8.8                   ,nan                   ,8.8                  ,0.07815408706665039                    ,nan                                         ,nan                                   ,nan                                        ,nan                                               ,nan                                                    ,nan
11             ,66                        ,TSP_CITIES_SET_66_N_11.json,CPU               ,particle_swarm_tsp,nan                   ,nan     ,[]                 ,False                  ,nan                    ,nan        ,[]          ,nan                                       ,PSO_POP_100_ALPHA_0_5_BETA_0_4_NR_ITER_100                                                                                             ,"{'suffix': 'PSO_POP_100_ALPHA_0_5_BETA_0_4_NR_ITER_100', 'size_of_population': 100, 'alpha': 0.5, 'beta': 0.4, 'max_iterations': 100}",7.4                   ,7.4                   ,nan                   ,7.4                  ,0.06249427795410156                    ,nan                                         ,nan                                   ,nan                                        ,nan                                               ,nan                                                    ,nan
11             ,67                        ,TSP_CITIES_SET_67_N_11.json,CPU               ,particle_swarm_tsp,nan                   ,nan     ,[]                 ,False                  ,nan                    ,nan        ,[]          ,nan                                       ,PSO_POP_100_ALPHA_0_5_BETA_0_4_NR_ITER_100                                                                                             ,"{'suffix': 'PSO_POP_100_ALPHA_0_5_BETA_0_4_NR_ITER_100', 'size_of_population': 100, 'alpha': 0.5, 'beta': 0.4, 'max_iterations': 100}",21.4                  ,21.4                  ,nan                   ,21.4                 ,0.07812213897705078                    ,nan                                         ,nan                                   ,nan                                        ,nan                                               ,nan                                                    ,nan
11             ,68                        ,TSP_CITIES_SET_68_N_11.json,CPU               ,particle_swarm_tsp,nan                   ,nan     ,[]                 ,False                  ,nan                    ,nan        ,[]          ,nan                                       ,PSO_POP_100_ALPHA_0_5_BETA_0_4_NR_ITER_100                                                                                             ,"{'suffix': 'PSO_POP_100_ALPHA_0_5_BETA_0_4_NR_ITER_100', 'size_of_population': 100, 'alpha': 0.5, 'beta': 0.4, 'max_iterations': 100}",6.3                   ,6.3                   ,nan                   ,6.3                  ,0.062479257583618164                   ,nan                                         ,nan                                   ,nan                                        ,nan                                               ,nan                                                    ,nan
11             ,69                        ,TSP_CITIES_SET_69_N_11.json,CPU               ,particle_swarm_tsp,nan                   ,nan     ,[]                 ,False                  ,nan                    ,nan        ,[]          ,nan                                       ,PSO_POP_100_ALPHA_0_5_BETA_0_4_NR_ITER_100                                                                                             ,"{'suffix': 'PSO_POP_100_ALPHA_0_5_BETA_0_4_NR_ITER_100', 'size_of_population': 100, 'alpha': 0.5, 'beta': 0.4, 'max_iterations': 100}",11.1                  ,11.1                  ,nan                   ,11.1                 ,0.09377789497375488                    ,nan                                         ,nan                                   ,nan                                        ,nan                                               ,nan                                                    ,nan
11             ,70                        ,TSP_CITIES_SET_70_N_11.json,CPU               ,particle_swarm_tsp,nan                   ,nan     ,[]                 ,False                  ,nan                    ,nan        ,[]          ,nan                                       ,PSO_POP_100_ALPHA_0_5_BETA_0_4_NR_ITER_100                                                                                             ,"{'suffix': 'PSO_POP_100_ALPHA_0_5_BETA_0_4_NR_ITER_100', 'size_of_population': 100, 'alpha': 0.5, 'beta': 0.4, 'max_iterations': 100}",7.1                   ,7.1                   ,nan                   ,7.1                  ,0.06249642372131348                    ,nan                                         ,nan                                   ,nan                                        ,nan                                               ,nan                                                    ,nan
11             ,71                        ,TSP_CITIES_SET_71_N_11.json,CPU               ,particle_swarm_tsp,nan                   ,nan     ,[]                 ,False                  ,nan                    ,nan        ,[]          ,nan                                       ,PSO_POP_100_ALPHA_0_5_BETA_0_4_NR_ITER_100                                                                                             ,"{'suffix': 'PSO_POP_100_ALPHA_0_5_BETA_0_4_NR_ITER_100', 'size_of_population': 100, 'alpha': 0.5, 'beta': 0.4, 'max_iterations': 100}",25.0                  ,25.0                  ,nan                   ,25.0                 ,0.10940957069396973                    ,nan                                         ,nan                                   ,nan                                        ,nan                                               ,nan                                                    ,nan
11             ,72                        ,TSP_CITIES_SET_72_N_11.json,CPU               ,particle_swarm_tsp,nan                   ,nan     ,[]                 ,False                  ,nan                    ,nan        ,[]          ,nan                                       ,PSO_POP_100_ALPHA_0_5_BETA_0_4_NR_ITER_100                                                                                             ,"{'suffix': 'PSO_POP_100_ALPHA_0_5_BETA_0_4_NR_ITER_100', 'size_of_population': 100, 'alpha': 0.5, 'beta': 0.4, 'max_iterations': 100}",7.1                   ,7.1                   ,nan                   ,7.1                  ,0.06249523162841797                    ,nan                                         ,nan                                   ,nan                                        ,nan                                               ,nan                                                    ,nan
11             ,73                        ,TSP_CITIES_SET_73_N_11.json,CPU               ,particle_swarm_tsp,nan                   ,nan     ,[]                 ,False                  ,nan                    ,nan        ,[]          ,nan                                       ,PSO_POP_100_ALPHA_0_5_BETA_0_4_NR_ITER_100                                                                                             ,"{'suffix': 'PSO_POP_100_ALPHA_0_5_BETA_0_4_NR_ITER_100', 'size_of_population': 100, 'alpha': 0.5, 'beta': 0.4, 'max_iterations': 100}",7.8                   ,7.8                   ,nan                   ,7.8                  ,0.07811975479125977                    ,nan                                         ,nan                                   ,nan                                        ,nan                                               ,nan                                                    ,nan
11             ,74                        ,TSP_CITIES_SET_74_N_11.json,CPU               ,particle_swarm_tsp,nan                   ,nan     ,[]                 ,False                  ,nan                    ,nan        ,[]          ,nan                                       ,PSO_POP_100_ALPHA_0_5_BETA_0_4_NR_ITER_100                                                                                             ,"{'suffix': 'PSO_POP_100_ALPHA_0_5_BETA_0_4_NR_ITER_100', 'size_of_population': 100, 'alpha': 0.5, 'beta': 0.4, 'max_iterations': 100}",8.9                   ,8.9                   ,nan                   ,8.9                  ,0.07811999320983887                    ,nan                                         ,nan                                   ,nan                                        ,nan                                               ,nan                                                    ,nan
11             ,75                        ,TSP_CITIES_SET_75_N_11.json,CPU               ,particle_swarm_tsp,nan                   ,nan     ,[]                 ,False                  ,nan                    ,nan        ,[]          ,nan                                       ,PSO_POP_100_ALPHA_0_5_BETA_0_4_NR_ITER_100                                                                                             ,"{'suffix': 'PSO_POP_100_ALPHA_0_5_BETA_0_4_NR_ITER_100', 'size_of_population': 100, 'alpha': 0.5, 'beta': 0.4, 'max_iterations': 100}",21.9                  ,21.9                  ,nan                   ,21.9                 ,0.09371447563171387                    ,nan                                         ,nan                                   ,nan                                        ,nan                                               ,nan                                                    ,nan
11             ,76                        ,TSP_CITIES_SET_76_N_11.json,CPU               ,particle_swarm_tsp,nan                   ,nan     ,[]                 ,False                  ,nan                    ,nan        ,[]          ,nan                                       ,PSO_POP_100_ALPHA_0_5_BETA_0_4_NR_ITER_100                                                                                             ,"{'suffix': 'PSO_POP_100_ALPHA_0_5_BETA_0_4_NR_ITER_100', 'size_of_population': 100, 'alpha': 0.5, 'beta': 0.4, 'max_iterations': 100}",9.4                   ,9.4                   ,nan                   ,9.4                  ,0.07583069801330566                    ,nan                                         ,nan                                   ,nan                                        ,nan                                               ,nan                                                    ,nan
11             ,77                        ,TSP_CITIES_SET_77_N_11.json,CPU               ,particle_swarm_tsp,nan                   ,nan     ,[]                 ,False                  ,nan                    ,nan        ,[]          ,nan                                       ,PSO_POP_100_ALPHA_0_5_BETA_0_4_NR_ITER_100                                                                                             ,"{'suffix': 'PSO_POP_100_ALPHA_0_5_BETA_0_4_NR_ITER_100', 'size_of_population': 100, 'alpha': 0.5, 'beta': 0.4, 'max_iterations': 100}",19.2                  ,19.2                  ,nan                   ,19.2                 ,0.0914621353149414                     ,nan                                         ,nan                                   ,nan                                        ,nan                                               ,nan                                                    ,nan
11             ,78                        ,TSP_CITIES_SET_78_N_11.json,CPU               ,particle_swarm_tsp,nan                   ,nan     ,[]                 ,False                  ,nan                    ,nan        ,[]          ,nan                                       ,PSO_POP_100_ALPHA_0_5_BETA_0_4_NR_ITER_100                                                                                             ,"{'suffix': 'PSO_POP_100_ALPHA_0_5_BETA_0_4_NR_ITER_100', 'size_of_population': 100, 'alpha': 0.5, 'beta': 0.4, 'max_iterations': 100}",7.6                   ,7.6                   ,nan                   ,7.6                  ,0.07811784744262695                    ,nan                                         ,nan                                   ,nan                                        ,nan                                               ,nan                                                    ,nan
11             ,79                        ,TSP_CITIES_SET_79_N_11.json,CPU               ,particle_swarm_tsp,nan                   ,nan     ,[]                 ,False                  ,nan                    ,nan        ,[]          ,nan                                       ,PSO_POP_100_ALPHA_0_5_BETA_0_4_NR_ITER_100                                                                                             ,"{'suffix': 'PSO_POP_100_ALPHA_0_5_BETA_0_4_NR_ITER_100', 'size_of_population': 100, 'alpha': 0.5, 'beta': 0.4, 'max_iterations': 100}",9.4                   ,9.4                   ,nan                   ,9.4                  ,0.0937800407409668                     ,nan                                         ,nan                                   ,nan                                        ,nan                                               ,nan                                                    ,nan
11             ,80                        ,TSP_CITIES_SET_80_N_11.json,CPU               ,particle_swarm_tsp,nan                   ,nan     ,[]                 ,False                  ,nan                    ,nan        ,[]          ,nan                                       ,PSO_POP_100_ALPHA_0_5_BETA_0_4_NR_ITER_100                                                                                             ,"{'suffix': 'PSO_POP_100_ALPHA_0_5_BETA_0_4_NR_ITER_100', 'size_of_population': 100, 'alpha': 0.5, 'beta': 0.4, 'max_iterations': 100}",20.6                  ,20.6                  ,nan                   ,20.6                 ,0.07811903953552246                    ,nan                                         ,nan                                   ,nan                                        ,nan                                               ,nan                                                    ,nan
11             ,81                        ,TSP_CITIES_SET_81_N_11.json,CPU               ,particle_swarm_tsp,nan                   ,nan     ,[]                 ,False                  ,nan                    ,nan        ,[]          ,nan                                       ,PSO_POP_100_ALPHA_0_5_BETA_0_4_NR_ITER_100                                                                                             ,"{'suffix': 'PSO_POP_100_ALPHA_0_5_BETA_0_4_NR_ITER_100', 'size_of_population': 100, 'alpha': 0.5, 'beta': 0.4, 'max_iterations': 100}",9.1                   ,9.1                   ,nan                   ,9.1                  ,0.05982470512390137                    ,nan                                         ,nan                                   ,nan                                        ,nan                                               ,nan                                                    ,nan
11             ,82                        ,TSP_CITIES_SET_82_N_11.json,CPU               ,particle_swarm_tsp,nan                   ,nan     ,[]                 ,False                  ,nan                    ,nan        ,[]          ,nan                                       ,PSO_POP_100_ALPHA_0_5_BETA_0_4_NR_ITER_100                                                                                             ,"{'suffix': 'PSO_POP_100_ALPHA_0_5_BETA_0_4_NR_ITER_100', 'size_of_population': 100, 'alpha': 0.5, 'beta': 0.4, 'max_iterations': 100}",7.8                   ,7.8                   ,nan                   ,7.8                  ,0.07812356948852539                    ,nan                                         ,nan                                   ,nan                                        ,nan                                               ,nan                                                    ,nan
11             ,83                        ,TSP_CITIES_SET_83_N_11.json,CPU               ,particle_swarm_tsp,nan                   ,nan     ,[]                 ,False                  ,nan                    ,nan        ,[]          ,nan                                       ,PSO_POP_100_ALPHA_0_5_BETA_0_4_NR_ITER_100                                                                                             ,"{'suffix': 'PSO_POP_100_ALPHA_0_5_BETA_0_4_NR_ITER_100', 'size_of_population': 100, 'alpha': 0.5, 'beta': 0.4, 'max_iterations': 100}",8.9                   ,8.9                   ,nan                   ,8.9                  ,0.0781102180480957                     ,nan                                         ,nan                                   ,nan                                        ,nan                                               ,nan                                                    ,nan
11             ,84                        ,TSP_CITIES_SET_84_N_11.json,CPU               ,particle_swarm_tsp,nan                   ,nan     ,[]                 ,False                  ,nan                    ,nan        ,[]          ,nan                                       ,PSO_POP_100_ALPHA_0_5_BETA_0_4_NR_ITER_100                                                                                             ,"{'suffix': 'PSO_POP_100_ALPHA_0_5_BETA_0_4_NR_ITER_100', 'size_of_population': 100, 'alpha': 0.5, 'beta': 0.4, 'max_iterations': 100}",21.4                  ,21.4                  ,nan                   ,21.4                 ,0.07812213897705078                    ,nan                                         ,nan                                   ,nan                                        ,nan                                               ,nan                                                    ,nan
11             ,85                        ,TSP_CITIES_SET_85_N_11.json,CPU               ,particle_swarm_tsp,nan                   ,nan     ,[]                 ,False                  ,nan                    ,nan        ,[]          ,nan                                       ,PSO_POP_100_ALPHA_0_5_BETA_0_4_NR_ITER_100                                                                                             ,"{'suffix': 'PSO_POP_100_ALPHA_0_5_BETA_0_4_NR_ITER_100', 'size_of_population': 100, 'alpha': 0.5, 'beta': 0.4, 'max_iterations': 100}",8.1                   ,8.1                   ,nan                   ,8.1                  ,0.07812070846557617                    ,nan                                         ,nan                                   ,nan                                        ,nan                                               ,nan                                                    ,nan
11             ,86                        ,TSP_CITIES_SET_86_N_11.json,CPU               ,particle_swarm_tsp,nan                   ,nan     ,[]                 ,False                  ,nan                    ,nan        ,[]          ,nan                                       ,PSO_POP_100_ALPHA_0_5_BETA_0_4_NR_ITER_100                                                                                             ,"{'suffix': 'PSO_POP_100_ALPHA_0_5_BETA_0_4_NR_ITER_100', 'size_of_population': 100, 'alpha': 0.5, 'beta': 0.4, 'max_iterations': 100}",9.4                   ,9.4                   ,nan                   ,9.4                  ,0.09375929832458496                    ,nan                                         ,nan                                   ,nan                                        ,nan                                               ,nan                                                    ,nan
11             ,87                        ,TSP_CITIES_SET_87_N_11.json,CPU               ,particle_swarm_tsp,nan                   ,nan     ,[]                 ,False                  ,nan                    ,nan        ,[]          ,nan                                       ,PSO_POP_100_ALPHA_0_5_BETA_0_4_NR_ITER_100                                                                                             ,"{'suffix': 'PSO_POP_100_ALPHA_0_5_BETA_0_4_NR_ITER_100', 'size_of_population': 100, 'alpha': 0.5, 'beta': 0.4, 'max_iterations': 100}",9.5                   ,9.5                   ,nan                   ,9.5                  ,0.09374690055847168                    ,nan                                         ,nan                                   ,nan                                        ,nan                                               ,nan                                                    ,nan
11             ,88                        ,TSP_CITIES_SET_88_N_11.json,CPU               ,particle_swarm_tsp,nan                   ,nan     ,[]                 ,False                  ,nan                    ,nan        ,[]          ,nan                                       ,PSO_POP_100_ALPHA_0_5_BETA_0_4_NR_ITER_100                                                                                             ,"{'suffix': 'PSO_POP_100_ALPHA_0_5_BETA_0_4_NR_ITER_100', 'size_of_population': 100, 'alpha': 0.5, 'beta': 0.4, 'max_iterations': 100}",21.4                  ,21.4                  ,nan                   ,21.4                 ,0.07812190055847168                    ,nan                                         ,nan                                   ,nan                                        ,nan                                               ,nan                                                    ,nan
11             ,89                        ,TSP_CITIES_SET_89_N_11.json,CPU               ,particle_swarm_tsp,nan                   ,nan     ,[]                 ,False                  ,nan                    ,nan        ,[]          ,nan                                       ,PSO_POP_100_ALPHA_0_5_BETA_0_4_NR_ITER_100                                                                                             ,"{'suffix': 'PSO_POP_100_ALPHA_0_5_BETA_0_4_NR_ITER_100', 'size_of_population': 100, 'alpha': 0.5, 'beta': 0.4, 'max_iterations': 100}",7.8                   ,7.8                   ,nan                   ,7.8                  ,0.07812142372131348                    ,nan                                         ,nan                                   ,nan                                        ,nan                                               ,nan                                                    ,nan
11             ,90                        ,TSP_CITIES_SET_90_N_11.json,CPU               ,particle_swarm_tsp,nan                   ,nan     ,[]                 ,False                  ,nan                    ,nan        ,[]          ,nan                                       ,PSO_POP_100_ALPHA_0_5_BETA_0_4_NR_ITER_100                                                                                             ,"{'suffix': 'PSO_POP_100_ALPHA_0_5_BETA_0_4_NR_ITER_100', 'size_of_population': 100, 'alpha': 0.5, 'beta': 0.4, 'max_iterations': 100}",7.8                   ,7.8                   ,nan                   ,7.8                  ,0.06249547004699707                    ,nan                                         ,nan                                   ,nan                                        ,nan                                               ,nan                                                    ,nan
11             ,91                        ,TSP_CITIES_SET_91_N_11.json,CPU               ,particle_swarm_tsp,nan                   ,nan     ,[]                 ,False                  ,nan                    ,nan        ,[]          ,nan                                       ,PSO_POP_100_ALPHA_0_5_BETA_0_4_NR_ITER_100                                                                                             ,"{'suffix': 'PSO_POP_100_ALPHA_0_5_BETA_0_4_NR_ITER_100', 'size_of_population': 100, 'alpha': 0.5, 'beta': 0.4, 'max_iterations': 100}",7.8                   ,7.8                   ,nan                   ,7.8                  ,0.07811474800109863                    ,nan                                         ,nan                                   ,nan                                        ,nan                                               ,nan                                                    ,nan
11             ,92                        ,TSP_CITIES_SET_92_N_11.json,CPU               ,particle_swarm_tsp,nan                   ,nan     ,[]                 ,False                  ,nan                    ,nan        ,[]          ,nan                                       ,PSO_POP_100_ALPHA_0_5_BETA_0_4_NR_ITER_100                                                                                             ,"{'suffix': 'PSO_POP_100_ALPHA_0_5_BETA_0_4_NR_ITER_100', 'size_of_population': 100, 'alpha': 0.5, 'beta': 0.4, 'max_iterations': 100}",21.4                  ,21.4                  ,nan                   ,21.4                 ,0.07812905311584473                    ,nan                                         ,nan                                   ,nan                                        ,nan                                               ,nan                                                    ,nan
11             ,93                        ,TSP_CITIES_SET_93_N_11.json,CPU               ,particle_swarm_tsp,nan                   ,nan     ,[]                 ,False                  ,nan                    ,nan        ,[]          ,nan                                       ,PSO_POP_100_ALPHA_0_5_BETA_0_4_NR_ITER_100                                                                                             ,"{'suffix': 'PSO_POP_100_ALPHA_0_5_BETA_0_4_NR_ITER_100', 'size_of_population': 100, 'alpha': 0.5, 'beta': 0.4, 'max_iterations': 100}",8.5                   ,8.5                   ,nan                   ,8.5                  ,0.07817387580871582                    ,nan                                         ,nan                                   ,nan                                        ,nan                                               ,nan                                                    ,nan
11             ,94                        ,TSP_CITIES_SET_94_N_11.json,CPU               ,particle_swarm_tsp,nan                   ,nan     ,[]                 ,False                  ,nan                    ,nan        ,[]          ,nan                                       ,PSO_POP_100_ALPHA_0_5_BETA_0_4_NR_ITER_100                                                                                             ,"{'suffix': 'PSO_POP_100_ALPHA_0_5_BETA_0_4_NR_ITER_100', 'size_of_population': 100, 'alpha': 0.5, 'beta': 0.4, 'max_iterations': 100}",9.8                   ,9.8                   ,nan                   ,9.8                  ,0.07815361022949219                    ,nan                                         ,nan                                   ,nan                                        ,nan                                               ,nan                                                    ,nan
11             ,95                        ,TSP_CITIES_SET_95_N_11.json,CPU               ,particle_swarm_tsp,nan                   ,nan     ,[]                 ,False                  ,nan                    ,nan        ,[]          ,nan                                       ,PSO_POP_100_ALPHA_0_5_BETA_0_4_NR_ITER_100                                                                                             ,"{'suffix': 'PSO_POP_100_ALPHA_0_5_BETA_0_4_NR_ITER_100', 'size_of_population': 100, 'alpha': 0.5, 'beta': 0.4, 'max_iterations': 100}",17.5                  ,17.5                  ,nan                   ,17.5                 ,0.09881258010864258                    ,nan                                         ,nan                                   ,nan                                        ,nan                                               ,nan                                                    ,nan
11             ,96                        ,TSP_CITIES_SET_96_N_11.json,CPU               ,particle_swarm_tsp,nan                   ,nan     ,[]                 ,False                  ,nan                    ,nan        ,[]          ,nan                                       ,PSO_POP_100_ALPHA_0_5_BETA_0_4_NR_ITER_100                                                                                             ,"{'suffix': 'PSO_POP_100_ALPHA_0_5_BETA_0_4_NR_ITER_100', 'size_of_population': 100, 'alpha': 0.5, 'beta': 0.4, 'max_iterations': 100}",20.3                  ,20.3                  ,nan                   ,20.3                 ,0.07812094688415527                    ,nan                                         ,nan                                   ,nan                                        ,nan                                               ,nan                                                    ,nan
11             ,97                        ,TSP_CITIES_SET_97_N_11.json,CPU               ,particle_swarm_tsp,nan                   ,nan     ,[]                 ,False                  ,nan                    ,nan        ,[]          ,nan                                       ,PSO_POP_100_ALPHA_0_5_BETA_0_4_NR_ITER_100                                                                                             ,"{'suffix': 'PSO_POP_100_ALPHA_0_5_BETA_0_4_NR_ITER_100', 'size_of_population': 100, 'alpha': 0.5, 'beta': 0.4, 'max_iterations': 100}",10.3                  ,10.3                  ,nan                   ,10.3                 ,0.09379076957702637                    ,nan                                         ,nan                                   ,nan                                        ,nan                                               ,nan                                                    ,nan
11             ,98                        ,TSP_CITIES_SET_98_N_11.json,CPU               ,particle_swarm_tsp,nan                   ,nan     ,[]                 ,False                  ,nan                    ,nan        ,[]          ,nan                                       ,PSO_POP_100_ALPHA_0_5_BETA_0_4_NR_ITER_100                                                                                             ,"{'suffix': 'PSO_POP_100_ALPHA_0_5_BETA_0_4_NR_ITER_100', 'size_of_population': 100, 'alpha': 0.5, 'beta': 0.4, 'max_iterations': 100}",10.7                  ,10.7                  ,nan                   ,10.7                 ,0.09374475479125977                    ,nan                                         ,nan                                   ,nan                                        ,nan                                               ,nan                                                    ,nan
11             ,99                        ,TSP_CITIES_SET_99_N_11.json,CPU               ,particle_swarm_tsp,nan                   ,nan     ,[]                 ,False                  ,nan                    ,nan        ,[]          ,nan                                       ,PSO_POP_100_ALPHA_0_5_BETA_0_4_NR_ITER_100                                                                                             ,"{'suffix': 'PSO_POP_100_ALPHA_0_5_BETA_0_4_NR_ITER_100', 'size_of_population': 100, 'alpha': 0.5, 'beta': 0.4, 'max_iterations': 100}",8.9                   ,8.9                   ,nan                   ,8.9                  ,0.07810497283935547                    ,nan                                         ,nan                                   ,nan                                        ,nan                                               ,nan                                                    ,nan
12             ,0                         ,TSP_CITIES_SET_0_N_12.json ,CPU               ,particle_swarm_tsp,nan                   ,nan     ,[]                 ,False                  ,nan                    ,nan        ,[]          ,nan                                       ,PSO_POP_100_ALPHA_0_5_BETA_0_4_NR_ITER_100                                                                                             ,"{'suffix': 'PSO_POP_100_ALPHA_0_5_BETA_0_4_NR_ITER_100', 'size_of_population': 100, 'alpha': 0.5, 'beta': 0.4, 'max_iterations': 100}",23.4                  ,23.4                  ,nan                   ,23.4                 ,0.10937070846557617                    ,nan                                         ,nan                                   ,nan                                        ,nan                                               ,nan                                                    ,nan
12             ,1                         ,TSP_CITIES_SET_1_N_12.json ,CPU               ,particle_swarm_tsp,nan                   ,nan     ,[]                 ,False                  ,nan                    ,nan        ,[]          ,nan                                       ,PSO_POP_100_ALPHA_0_5_BETA_0_4_NR_ITER_100                                                                                             ,"{'suffix': 'PSO_POP_100_ALPHA_0_5_BETA_0_4_NR_ITER_100', 'size_of_population': 100, 'alpha': 0.5, 'beta': 0.4, 'max_iterations': 100}",8.0                   ,8.0                   ,nan                   ,8.0                  ,0.06249499320983887                    ,nan                                         ,nan                                   ,nan                                        ,nan                                               ,nan                                                    ,nan
12             ,2                         ,TSP_CITIES_SET_2_N_12.json ,CPU               ,particle_swarm_tsp,nan                   ,nan     ,[]                 ,False                  ,nan                    ,nan        ,[]          ,nan                                       ,PSO_POP_100_ALPHA_0_5_BETA_0_4_NR_ITER_100                                                                                             ,"{'suffix': 'PSO_POP_100_ALPHA_0_5_BETA_0_4_NR_ITER_100', 'size_of_population': 100, 'alpha': 0.5, 'beta': 0.4, 'max_iterations': 100}",10.7                  ,10.7                  ,nan                   ,10.7                 ,0.09378457069396973                    ,nan                                         ,nan                                   ,nan                                        ,nan                                               ,nan                                                    ,nan
12             ,3                         ,TSP_CITIES_SET_3_N_12.json ,CPU               ,particle_swarm_tsp,nan                   ,nan     ,[]                 ,False                  ,nan                    ,nan        ,[]          ,nan                                       ,PSO_POP_100_ALPHA_0_5_BETA_0_4_NR_ITER_100                                                                                             ,"{'suffix': 'PSO_POP_100_ALPHA_0_5_BETA_0_4_NR_ITER_100', 'size_of_population': 100, 'alpha': 0.5, 'beta': 0.4, 'max_iterations': 100}",9.3                   ,9.3                   ,nan                   ,9.3                  ,0.0781097412109375                     ,nan                                         ,nan                                   ,nan                                        ,nan                                               ,nan                                                    ,nan
12             ,4                         ,TSP_CITIES_SET_4_N_12.json ,CPU               ,particle_swarm_tsp,nan                   ,nan     ,[]                 ,False                  ,nan                    ,nan        ,[]          ,nan                                       ,PSO_POP_100_ALPHA_0_5_BETA_0_4_NR_ITER_100                                                                                             ,"{'suffix': 'PSO_POP_100_ALPHA_0_5_BETA_0_4_NR_ITER_100', 'size_of_population': 100, 'alpha': 0.5, 'beta': 0.4, 'max_iterations': 100}",10.7                  ,10.7                  ,nan                   ,10.7                 ,0.09373903274536133                    ,nan                                         ,nan                                   ,nan                                        ,nan                                               ,nan                                                    ,nan
12             ,5                         ,TSP_CITIES_SET_5_N_12.json ,CPU               ,particle_swarm_tsp,nan                   ,nan     ,[]                 ,False                  ,nan                    ,nan        ,[]          ,nan                                       ,PSO_POP_100_ALPHA_0_5_BETA_0_4_NR_ITER_100                                                                                             ,"{'suffix': 'PSO_POP_100_ALPHA_0_5_BETA_0_4_NR_ITER_100', 'size_of_population': 100, 'alpha': 0.5, 'beta': 0.4, 'max_iterations': 100}",22.2                  ,22.2                  ,nan                   ,22.2                 ,0.09374570846557617                    ,nan                                         ,nan                                   ,nan                                        ,nan                                               ,nan                                                    ,nan
12             ,6                         ,TSP_CITIES_SET_6_N_12.json ,CPU               ,particle_swarm_tsp,nan                   ,nan     ,[]                 ,False                  ,nan                    ,nan        ,[]          ,nan                                       ,PSO_POP_100_ALPHA_0_5_BETA_0_4_NR_ITER_100                                                                                             ,"{'suffix': 'PSO_POP_100_ALPHA_0_5_BETA_0_4_NR_ITER_100', 'size_of_population': 100, 'alpha': 0.5, 'beta': 0.4, 'max_iterations': 100}",8.9                   ,8.9                   ,nan                   ,8.9                  ,0.07812142372131348                    ,nan                                         ,nan                                   ,nan                                        ,nan                                               ,nan                                                    ,nan
12             ,7                         ,TSP_CITIES_SET_7_N_12.json ,CPU               ,particle_swarm_tsp,nan                   ,nan     ,[]                 ,False                  ,nan                    ,nan        ,[]          ,nan                                       ,PSO_POP_100_ALPHA_0_5_BETA_0_4_NR_ITER_100                                                                                             ,"{'suffix': 'PSO_POP_100_ALPHA_0_5_BETA_0_4_NR_ITER_100', 'size_of_population': 100, 'alpha': 0.5, 'beta': 0.4, 'max_iterations': 100}",7.7                   ,7.7                   ,nan                   ,7.7                  ,0.06249666213989258                    ,nan                                         ,nan                                   ,nan                                        ,nan                                               ,nan                                                    ,nan
12             ,8                         ,TSP_CITIES_SET_8_N_12.json ,CPU               ,particle_swarm_tsp,nan                   ,nan     ,[]                 ,False                  ,nan                    ,nan        ,[]          ,nan                                       ,PSO_POP_100_ALPHA_0_5_BETA_0_4_NR_ITER_100                                                                                             ,"{'suffix': 'PSO_POP_100_ALPHA_0_5_BETA_0_4_NR_ITER_100', 'size_of_population': 100, 'alpha': 0.5, 'beta': 0.4, 'max_iterations': 100}",7.7                   ,7.7                   ,nan                   ,7.7                  ,0.07810139656066895                    ,nan                                         ,nan                                   ,nan                                        ,nan                                               ,nan                                                    ,nan
12             ,9                         ,TSP_CITIES_SET_9_N_12.json ,CPU               ,particle_swarm_tsp,nan                   ,nan     ,[]                 ,False                  ,nan                    ,nan        ,[]          ,nan                                       ,PSO_POP_100_ALPHA_0_5_BETA_0_4_NR_ITER_100                                                                                             ,"{'suffix': 'PSO_POP_100_ALPHA_0_5_BETA_0_4_NR_ITER_100', 'size_of_population': 100, 'alpha': 0.5, 'beta': 0.4, 'max_iterations': 100}",7.1                   ,7.1                   ,nan                   ,7.1                  ,0.06250166893005371                    ,nan                                         ,nan                                   ,nan                                        ,nan                                               ,nan                                                    ,nan
12             ,10                        ,TSP_CITIES_SET_10_N_12.json,CPU               ,particle_swarm_tsp,nan                   ,nan     ,[]                 ,False                  ,nan                    ,nan        ,[]          ,nan                                       ,PSO_POP_100_ALPHA_0_5_BETA_0_4_NR_ITER_100                                                                                             ,"{'suffix': 'PSO_POP_100_ALPHA_0_5_BETA_0_4_NR_ITER_100', 'size_of_population': 100, 'alpha': 0.5, 'beta': 0.4, 'max_iterations': 100}",8.8                   ,8.8                   ,nan                   ,8.8                  ,0.07811975479125977                    ,nan                                         ,nan                                   ,nan                                        ,nan                                               ,nan                                                    ,nan
12             ,11                        ,TSP_CITIES_SET_11_N_12.json,CPU               ,particle_swarm_tsp,nan                   ,nan     ,[]                 ,False                  ,nan                    ,nan        ,[]          ,nan                                       ,PSO_POP_100_ALPHA_0_5_BETA_0_4_NR_ITER_100                                                                                             ,"{'suffix': 'PSO_POP_100_ALPHA_0_5_BETA_0_4_NR_ITER_100', 'size_of_population': 100, 'alpha': 0.5, 'beta': 0.4, 'max_iterations': 100}",10.9                  ,10.9                  ,nan                   ,10.9                 ,0.09200406074523926                    ,nan                                         ,nan                                   ,nan                                        ,nan                                               ,nan                                                    ,nan
12             ,12                        ,TSP_CITIES_SET_12_N_12.json,CPU               ,particle_swarm_tsp,nan                   ,nan     ,[]                 ,False                  ,nan                    ,nan        ,[]          ,nan                                       ,PSO_POP_100_ALPHA_0_5_BETA_0_4_NR_ITER_100                                                                                             ,"{'suffix': 'PSO_POP_100_ALPHA_0_5_BETA_0_4_NR_ITER_100', 'size_of_population': 100, 'alpha': 0.5, 'beta': 0.4, 'max_iterations': 100}",22.2                  ,22.2                  ,nan                   ,22.2                 ,0.09374713897705078                    ,nan                                         ,nan                                   ,nan                                        ,nan                                               ,nan                                                    ,nan
12             ,13                        ,TSP_CITIES_SET_13_N_12.json,CPU               ,particle_swarm_tsp,nan                   ,nan     ,[]                 ,False                  ,nan                    ,nan        ,[]          ,nan                                       ,PSO_POP_100_ALPHA_0_5_BETA_0_4_NR_ITER_100                                                                                             ,"{'suffix': 'PSO_POP_100_ALPHA_0_5_BETA_0_4_NR_ITER_100', 'size_of_population': 100, 'alpha': 0.5, 'beta': 0.4, 'max_iterations': 100}",8.9                   ,8.9                   ,nan                   ,8.9                  ,0.07812118530273438                    ,nan                                         ,nan                                   ,nan                                        ,nan                                               ,nan                                                    ,nan
12             ,14                        ,TSP_CITIES_SET_14_N_12.json,CPU               ,particle_swarm_tsp,nan                   ,nan     ,[]                 ,False                  ,nan                    ,nan        ,[]          ,nan                                       ,PSO_POP_100_ALPHA_0_5_BETA_0_4_NR_ITER_100                                                                                             ,"{'suffix': 'PSO_POP_100_ALPHA_0_5_BETA_0_4_NR_ITER_100', 'size_of_population': 100, 'alpha': 0.5, 'beta': 0.4, 'max_iterations': 100}",9.5                   ,9.5                   ,nan                   ,9.5                  ,0.07630729675292969                    ,nan                                         ,nan                                   ,nan                                        ,nan                                               ,nan                                                    ,nan
12             ,15                        ,TSP_CITIES_SET_15_N_12.json,CPU               ,particle_swarm_tsp,nan                   ,nan     ,[]                 ,False                  ,nan                    ,nan        ,[]          ,nan                                       ,PSO_POP_100_ALPHA_0_5_BETA_0_4_NR_ITER_100                                                                                             ,"{'suffix': 'PSO_POP_100_ALPHA_0_5_BETA_0_4_NR_ITER_100', 'size_of_population': 100, 'alpha': 0.5, 'beta': 0.4, 'max_iterations': 100}",7.8                   ,7.8                   ,nan                   ,7.8                  ,0.07812094688415527                    ,nan                                         ,nan                                   ,nan                                        ,nan                                               ,nan                                                    ,nan
12             ,16                        ,TSP_CITIES_SET_16_N_12.json,CPU               ,particle_swarm_tsp,nan                   ,nan     ,[]                 ,False                  ,nan                    ,nan        ,[]          ,nan                                       ,PSO_POP_100_ALPHA_0_5_BETA_0_4_NR_ITER_100                                                                                             ,"{'suffix': 'PSO_POP_100_ALPHA_0_5_BETA_0_4_NR_ITER_100', 'size_of_population': 100, 'alpha': 0.5, 'beta': 0.4, 'max_iterations': 100}",19.4                  ,19.4                  ,nan                   ,19.4                 ,0.10933828353881836                    ,nan                                         ,nan                                   ,nan                                        ,nan                                               ,nan                                                    ,nan
12             ,17                        ,TSP_CITIES_SET_17_N_12.json,CPU               ,particle_swarm_tsp,nan                   ,nan     ,[]                 ,False                  ,nan                    ,nan        ,[]          ,nan                                       ,PSO_POP_100_ALPHA_0_5_BETA_0_4_NR_ITER_100                                                                                             ,"{'suffix': 'PSO_POP_100_ALPHA_0_5_BETA_0_4_NR_ITER_100', 'size_of_population': 100, 'alpha': 0.5, 'beta': 0.4, 'max_iterations': 100}",10.7                  ,10.7                  ,nan                   ,10.7                 ,0.09374499320983887                    ,nan                                         ,nan                                   ,nan                                        ,nan                                               ,nan                                                    ,nan
12             ,18                        ,TSP_CITIES_SET_18_N_12.json,CPU               ,particle_swarm_tsp,nan                   ,nan     ,[]                 ,False                  ,nan                    ,nan        ,[]          ,nan                                       ,PSO_POP_100_ALPHA_0_5_BETA_0_4_NR_ITER_100                                                                                             ,"{'suffix': 'PSO_POP_100_ALPHA_0_5_BETA_0_4_NR_ITER_100', 'size_of_population': 100, 'alpha': 0.5, 'beta': 0.4, 'max_iterations': 100}",8.9                   ,8.9                   ,nan                   ,8.9                  ,0.07812166213989258                    ,nan                                         ,nan                                   ,nan                                        ,nan                                               ,nan                                                    ,nan
12             ,19                        ,TSP_CITIES_SET_19_N_12.json,CPU               ,particle_swarm_tsp,nan                   ,nan     ,[]                 ,False                  ,nan                    ,nan        ,[]          ,nan                                       ,PSO_POP_100_ALPHA_0_5_BETA_0_4_NR_ITER_100                                                                                             ,"{'suffix': 'PSO_POP_100_ALPHA_0_5_BETA_0_4_NR_ITER_100', 'size_of_population': 100, 'alpha': 0.5, 'beta': 0.4, 'max_iterations': 100}",23.4                  ,23.4                  ,nan                   ,23.4                 ,0.10936856269836426                    ,nan                                         ,nan                                   ,nan                                        ,nan                                               ,nan                                                    ,nan
12             ,20                        ,TSP_CITIES_SET_20_N_12.json,CPU               ,particle_swarm_tsp,nan                   ,nan     ,[]                 ,False                  ,nan                    ,nan        ,[]          ,nan                                       ,PSO_POP_100_ALPHA_0_5_BETA_0_4_NR_ITER_100                                                                                             ,"{'suffix': 'PSO_POP_100_ALPHA_0_5_BETA_0_4_NR_ITER_100', 'size_of_population': 100, 'alpha': 0.5, 'beta': 0.4, 'max_iterations': 100}",9.7                   ,9.7                   ,nan                   ,9.7                  ,0.09377932548522949                    ,nan                                         ,nan                                   ,nan                                        ,nan                                               ,nan                                                    ,nan
12             ,21                        ,TSP_CITIES_SET_21_N_12.json,CPU               ,particle_swarm_tsp,nan                   ,nan     ,[]                 ,False                  ,nan                    ,nan        ,[]          ,nan                                       ,PSO_POP_100_ALPHA_0_5_BETA_0_4_NR_ITER_100                                                                                             ,"{'suffix': 'PSO_POP_100_ALPHA_0_5_BETA_0_4_NR_ITER_100', 'size_of_population': 100, 'alpha': 0.5, 'beta': 0.4, 'max_iterations': 100}",9.1                   ,9.1                   ,nan                   ,9.1                  ,0.07812047004699707                    ,nan                                         ,nan                                   ,nan                                        ,nan                                               ,nan                                                    ,nan
12             ,22                        ,TSP_CITIES_SET_22_N_12.json,CPU               ,particle_swarm_tsp,nan                   ,nan     ,[]                 ,False                  ,nan                    ,nan        ,[]          ,nan                                       ,PSO_POP_100_ALPHA_0_5_BETA_0_4_NR_ITER_100                                                                                             ,"{'suffix': 'PSO_POP_100_ALPHA_0_5_BETA_0_4_NR_ITER_100', 'size_of_population': 100, 'alpha': 0.5, 'beta': 0.4, 'max_iterations': 100}",11.1                  ,11.1                  ,nan                   ,11.1                 ,0.09374499320983887                    ,nan                                         ,nan                                   ,nan                                        ,nan                                               ,nan                                                    ,nan
12             ,23                        ,TSP_CITIES_SET_23_N_12.json,CPU               ,particle_swarm_tsp,nan                   ,nan     ,[]                 ,False                  ,nan                    ,nan        ,[]          ,nan                                       ,PSO_POP_100_ALPHA_0_5_BETA_0_4_NR_ITER_100                                                                                             ,"{'suffix': 'PSO_POP_100_ALPHA_0_5_BETA_0_4_NR_ITER_100', 'size_of_population': 100, 'alpha': 0.5, 'beta': 0.4, 'max_iterations': 100}",9.6                   ,9.6                   ,nan                   ,9.6                  ,0.07812094688415527                    ,nan                                         ,nan                                   ,nan                                        ,nan                                               ,nan                                                    ,nan
12             ,24                        ,TSP_CITIES_SET_24_N_12.json,CPU               ,particle_swarm_tsp,nan                   ,nan     ,[]                 ,False                  ,nan                    ,nan        ,[]          ,nan                                       ,PSO_POP_100_ALPHA_0_5_BETA_0_4_NR_ITER_100                                                                                             ,"{'suffix': 'PSO_POP_100_ALPHA_0_5_BETA_0_4_NR_ITER_100', 'size_of_population': 100, 'alpha': 0.5, 'beta': 0.4, 'max_iterations': 100}",10.7                  ,10.7                  ,nan                   ,10.7                 ,0.0937337875366211                     ,nan                                         ,nan                                   ,nan                                        ,nan                                               ,nan                                                    ,nan
12             ,25                        ,TSP_CITIES_SET_25_N_12.json,CPU               ,particle_swarm_tsp,nan                   ,nan     ,[]                 ,False                  ,nan                    ,nan        ,[]          ,nan                                       ,PSO_POP_100_ALPHA_0_5_BETA_0_4_NR_ITER_100                                                                                             ,"{'suffix': 'PSO_POP_100_ALPHA_0_5_BETA_0_4_NR_ITER_100', 'size_of_population': 100, 'alpha': 0.5, 'beta': 0.4, 'max_iterations': 100}",8.9                   ,8.9                   ,nan                   ,8.9                  ,0.07812237739562988                    ,nan                                         ,nan                                   ,nan                                        ,nan                                               ,nan                                                    ,nan
12             ,26                        ,TSP_CITIES_SET_26_N_12.json,CPU               ,particle_swarm_tsp,nan                   ,nan     ,[]                 ,False                  ,nan                    ,nan        ,[]          ,nan                                       ,PSO_POP_100_ALPHA_0_5_BETA_0_4_NR_ITER_100                                                                                             ,"{'suffix': 'PSO_POP_100_ALPHA_0_5_BETA_0_4_NR_ITER_100', 'size_of_population': 100, 'alpha': 0.5, 'beta': 0.4, 'max_iterations': 100}",20.7                  ,20.7                  ,nan                   ,20.7                 ,0.07811903953552246                    ,nan                                         ,nan                                   ,nan                                        ,nan                                               ,nan                                                    ,nan
12             ,27                        ,TSP_CITIES_SET_27_N_12.json,CPU               ,particle_swarm_tsp,nan                   ,nan     ,[]                 ,False                  ,nan                    ,nan        ,[]          ,nan                                       ,PSO_POP_100_ALPHA_0_5_BETA_0_4_NR_ITER_100                                                                                             ,"{'suffix': 'PSO_POP_100_ALPHA_0_5_BETA_0_4_NR_ITER_100', 'size_of_population': 100, 'alpha': 0.5, 'beta': 0.4, 'max_iterations': 100}",15.6                  ,15.6                  ,nan                   ,15.6                 ,0.13898205757141113                    ,nan                                         ,nan                                   ,nan                                        ,nan                                               ,nan                                                    ,nan
12             ,28                        ,TSP_CITIES_SET_28_N_12.json,CPU               ,particle_swarm_tsp,nan                   ,nan     ,[]                 ,False                  ,nan                    ,nan        ,[]          ,nan                                       ,PSO_POP_100_ALPHA_0_5_BETA_0_4_NR_ITER_100                                                                                             ,"{'suffix': 'PSO_POP_100_ALPHA_0_5_BETA_0_4_NR_ITER_100', 'size_of_population': 100, 'alpha': 0.5, 'beta': 0.4, 'max_iterations': 100}",8.9                   ,8.9                   ,nan                   ,8.9                  ,0.0781099796295166                     ,nan                                         ,nan                                   ,nan                                        ,nan                                               ,nan                                                    ,nan
12             ,29                        ,TSP_CITIES_SET_29_N_12.json,CPU               ,particle_swarm_tsp,nan                   ,nan     ,[]                 ,False                  ,nan                    ,nan        ,[]          ,nan                                       ,PSO_POP_100_ALPHA_0_5_BETA_0_4_NR_ITER_100                                                                                             ,"{'suffix': 'PSO_POP_100_ALPHA_0_5_BETA_0_4_NR_ITER_100', 'size_of_population': 100, 'alpha': 0.5, 'beta': 0.4, 'max_iterations': 100}",9.4                   ,9.4                   ,nan                   ,9.4                  ,0.0937809944152832                     ,nan                                         ,nan                                   ,nan                                        ,nan                                               ,nan                                                    ,nan
12             ,30                        ,TSP_CITIES_SET_30_N_12.json,CPU               ,particle_swarm_tsp,nan                   ,nan     ,[]                 ,False                  ,nan                    ,nan        ,[]          ,nan                                       ,PSO_POP_100_ALPHA_0_5_BETA_0_4_NR_ITER_100                                                                                             ,"{'suffix': 'PSO_POP_100_ALPHA_0_5_BETA_0_4_NR_ITER_100', 'size_of_population': 100, 'alpha': 0.5, 'beta': 0.4, 'max_iterations': 100}",10.9                  ,10.9                  ,nan                   ,10.9                 ,0.09374594688415527                    ,nan                                         ,nan                                   ,nan                                        ,nan                                               ,nan                                                    ,nan
12             ,31                        ,TSP_CITIES_SET_31_N_12.json,CPU               ,particle_swarm_tsp,nan                   ,nan     ,[]                 ,False                  ,nan                    ,nan        ,[]          ,nan                                       ,PSO_POP_100_ALPHA_0_5_BETA_0_4_NR_ITER_100                                                                                             ,"{'suffix': 'PSO_POP_100_ALPHA_0_5_BETA_0_4_NR_ITER_100', 'size_of_population': 100, 'alpha': 0.5, 'beta': 0.4, 'max_iterations': 100}",7.1                   ,7.1                   ,nan                   ,7.1                  ,0.06249713897705078                    ,nan                                         ,nan                                   ,nan                                        ,nan                                               ,nan                                                    ,nan
12             ,32                        ,TSP_CITIES_SET_32_N_12.json,CPU               ,particle_swarm_tsp,nan                   ,nan     ,[]                 ,False                  ,nan                    ,nan        ,[]          ,nan                                       ,PSO_POP_100_ALPHA_0_5_BETA_0_4_NR_ITER_100                                                                                             ,"{'suffix': 'PSO_POP_100_ALPHA_0_5_BETA_0_4_NR_ITER_100', 'size_of_population': 100, 'alpha': 0.5, 'beta': 0.4, 'max_iterations': 100}",23.2                  ,23.2                  ,nan                   ,23.2                 ,0.09374761581420898                    ,nan                                         ,nan                                   ,nan                                        ,nan                                               ,nan                                                    ,nan
12             ,33                        ,TSP_CITIES_SET_33_N_12.json,CPU               ,particle_swarm_tsp,nan                   ,nan     ,[]                 ,False                  ,nan                    ,nan        ,[]          ,nan                                       ,PSO_POP_100_ALPHA_0_5_BETA_0_4_NR_ITER_100                                                                                             ,"{'suffix': 'PSO_POP_100_ALPHA_0_5_BETA_0_4_NR_ITER_100', 'size_of_population': 100, 'alpha': 0.5, 'beta': 0.4, 'max_iterations': 100}",9.4                   ,9.4                   ,nan                   ,9.4                  ,0.0937495231628418                     ,nan                                         ,nan                                   ,nan                                        ,nan                                               ,nan                                                    ,nan
12             ,34                        ,TSP_CITIES_SET_34_N_12.json,CPU               ,particle_swarm_tsp,nan                   ,nan     ,[]                 ,False                  ,nan                    ,nan        ,[]          ,nan                                       ,PSO_POP_100_ALPHA_0_5_BETA_0_4_NR_ITER_100                                                                                             ,"{'suffix': 'PSO_POP_100_ALPHA_0_5_BETA_0_4_NR_ITER_100', 'size_of_population': 100, 'alpha': 0.5, 'beta': 0.4, 'max_iterations': 100}",9.1                   ,9.1                   ,nan                   ,9.1                  ,0.07812023162841797                    ,nan                                         ,nan                                   ,nan                                        ,nan                                               ,nan                                                    ,nan
12             ,35                        ,TSP_CITIES_SET_35_N_12.json,CPU               ,particle_swarm_tsp,nan                   ,nan     ,[]                 ,False                  ,nan                    ,nan        ,[]          ,nan                                       ,PSO_POP_100_ALPHA_0_5_BETA_0_4_NR_ITER_100                                                                                             ,"{'suffix': 'PSO_POP_100_ALPHA_0_5_BETA_0_4_NR_ITER_100', 'size_of_population': 100, 'alpha': 0.5, 'beta': 0.4, 'max_iterations': 100}",8.9                   ,8.9                   ,nan                   ,8.9                  ,0.07812094688415527                    ,nan                                         ,nan                                   ,nan                                        ,nan                                               ,nan                                                    ,nan
12             ,36                        ,TSP_CITIES_SET_36_N_12.json,CPU               ,particle_swarm_tsp,nan                   ,nan     ,[]                 ,False                  ,nan                    ,nan        ,[]          ,nan                                       ,PSO_POP_100_ALPHA_0_5_BETA_0_4_NR_ITER_100                                                                                             ,"{'suffix': 'PSO_POP_100_ALPHA_0_5_BETA_0_4_NR_ITER_100', 'size_of_population': 100, 'alpha': 0.5, 'beta': 0.4, 'max_iterations': 100}",10.7                  ,10.7                  ,nan                   ,10.7                 ,0.09374499320983887                    ,nan                                         ,nan                                   ,nan                                        ,nan                                               ,nan                                                    ,nan
12             ,37                        ,TSP_CITIES_SET_37_N_12.json,CPU               ,particle_swarm_tsp,nan                   ,nan     ,[]                 ,False                  ,nan                    ,nan        ,[]          ,nan                                       ,PSO_POP_100_ALPHA_0_5_BETA_0_4_NR_ITER_100                                                                                             ,"{'suffix': 'PSO_POP_100_ALPHA_0_5_BETA_0_4_NR_ITER_100', 'size_of_population': 100, 'alpha': 0.5, 'beta': 0.4, 'max_iterations': 100}",10.5                  ,10.5                  ,nan                   ,10.5                 ,0.09374737739562988                    ,nan                                         ,nan                                   ,nan                                        ,nan                                               ,nan                                                    ,nan
12             ,38                        ,TSP_CITIES_SET_38_N_12.json,CPU               ,particle_swarm_tsp,nan                   ,nan     ,[]                 ,False                  ,nan                    ,nan        ,[]          ,nan                                       ,PSO_POP_100_ALPHA_0_5_BETA_0_4_NR_ITER_100                                                                                             ,"{'suffix': 'PSO_POP_100_ALPHA_0_5_BETA_0_4_NR_ITER_100', 'size_of_population': 100, 'alpha': 0.5, 'beta': 0.4, 'max_iterations': 100}",23.2                  ,23.2                  ,nan                   ,23.2                 ,0.09377670288085938                    ,nan                                         ,nan                                   ,nan                                        ,nan                                               ,nan                                                    ,nan
12             ,39                        ,TSP_CITIES_SET_39_N_12.json,CPU               ,particle_swarm_tsp,nan                   ,nan     ,[]                 ,False                  ,nan                    ,nan        ,[]          ,nan                                       ,PSO_POP_100_ALPHA_0_5_BETA_0_4_NR_ITER_100                                                                                             ,"{'suffix': 'PSO_POP_100_ALPHA_0_5_BETA_0_4_NR_ITER_100', 'size_of_population': 100, 'alpha': 0.5, 'beta': 0.4, 'max_iterations': 100}",7.8                   ,7.8                   ,nan                   ,7.8                  ,0.07812142372131348                    ,nan                                         ,nan                                   ,nan                                        ,nan                                               ,nan                                                    ,nan
12             ,40                        ,TSP_CITIES_SET_40_N_12.json,CPU               ,particle_swarm_tsp,nan                   ,nan     ,[]                 ,False                  ,nan                    ,nan        ,[]          ,nan                                       ,PSO_POP_100_ALPHA_0_5_BETA_0_4_NR_ITER_100                                                                                             ,"{'suffix': 'PSO_POP_100_ALPHA_0_5_BETA_0_4_NR_ITER_100', 'size_of_population': 100, 'alpha': 0.5, 'beta': 0.4, 'max_iterations': 100}",10.9                  ,10.9                  ,nan                   ,10.9                 ,0.0937495231628418                     ,nan                                         ,nan                                   ,nan                                        ,nan                                               ,nan                                                    ,nan
12             ,41                        ,TSP_CITIES_SET_41_N_12.json,CPU               ,particle_swarm_tsp,nan                   ,nan     ,[]                 ,False                  ,nan                    ,nan        ,[]          ,nan                                       ,PSO_POP_100_ALPHA_0_5_BETA_0_4_NR_ITER_100                                                                                             ,"{'suffix': 'PSO_POP_100_ALPHA_0_5_BETA_0_4_NR_ITER_100', 'size_of_population': 100, 'alpha': 0.5, 'beta': 0.4, 'max_iterations': 100}",8.1                   ,8.1                   ,nan                   ,8.1                  ,0.07812237739562988                    ,nan                                         ,nan                                   ,nan                                        ,nan                                               ,nan                                                    ,nan
12             ,42                        ,TSP_CITIES_SET_42_N_12.json,CPU               ,particle_swarm_tsp,nan                   ,nan     ,[]                 ,False                  ,nan                    ,nan        ,[]          ,nan                                       ,PSO_POP_100_ALPHA_0_5_BETA_0_4_NR_ITER_100                                                                                             ,"{'suffix': 'PSO_POP_100_ALPHA_0_5_BETA_0_4_NR_ITER_100', 'size_of_population': 100, 'alpha': 0.5, 'beta': 0.4, 'max_iterations': 100}",10.9                  ,10.9                  ,nan                   ,10.9                 ,0.09374761581420898                    ,nan                                         ,nan                                   ,nan                                        ,nan                                               ,nan                                                    ,nan
12             ,43                        ,TSP_CITIES_SET_43_N_12.json,CPU               ,particle_swarm_tsp,nan                   ,nan     ,[]                 ,False                  ,nan                    ,nan        ,[]          ,nan                                       ,PSO_POP_100_ALPHA_0_5_BETA_0_4_NR_ITER_100                                                                                             ,"{'suffix': 'PSO_POP_100_ALPHA_0_5_BETA_0_4_NR_ITER_100', 'size_of_population': 100, 'alpha': 0.5, 'beta': 0.4, 'max_iterations': 100}",8.1                   ,8.1                   ,nan                   ,8.1                  ,0.07812047004699707                    ,nan                                         ,nan                                   ,nan                                        ,nan                                               ,nan                                                    ,nan
12             ,44                        ,TSP_CITIES_SET_44_N_12.json,CPU               ,particle_swarm_tsp,nan                   ,nan     ,[]                 ,False                  ,nan                    ,nan        ,[]          ,nan                                       ,PSO_POP_100_ALPHA_0_5_BETA_0_4_NR_ITER_100                                                                                             ,"{'suffix': 'PSO_POP_100_ALPHA_0_5_BETA_0_4_NR_ITER_100', 'size_of_population': 100, 'alpha': 0.5, 'beta': 0.4, 'max_iterations': 100}",9.4                   ,9.4                   ,nan                   ,9.4                  ,0.09374713897705078                    ,nan                                         ,nan                                   ,nan                                        ,nan                                               ,nan                                                    ,nan
12             ,45                        ,TSP_CITIES_SET_45_N_12.json,CPU               ,particle_swarm_tsp,nan                   ,nan     ,[]                 ,False                  ,nan                    ,nan        ,[]          ,nan                                       ,PSO_POP_100_ALPHA_0_5_BETA_0_4_NR_ITER_100                                                                                             ,"{'suffix': 'PSO_POP_100_ALPHA_0_5_BETA_0_4_NR_ITER_100', 'size_of_population': 100, 'alpha': 0.5, 'beta': 0.4, 'max_iterations': 100}",8.8                   ,8.8                   ,nan                   ,8.8                  ,0.07816100120544434                    ,nan                                         ,nan                                   ,nan                                        ,nan                                               ,nan                                                    ,nan
12             ,46                        ,TSP_CITIES_SET_46_N_12.json,CPU               ,particle_swarm_tsp,nan                   ,nan     ,[]                 ,False                  ,nan                    ,nan        ,[]          ,nan                                       ,PSO_POP_100_ALPHA_0_5_BETA_0_4_NR_ITER_100                                                                                             ,"{'suffix': 'PSO_POP_100_ALPHA_0_5_BETA_0_4_NR_ITER_100', 'size_of_population': 100, 'alpha': 0.5, 'beta': 0.4, 'max_iterations': 100}",8.5                   ,8.5                   ,nan                   ,8.5                  ,0.07812094688415527                    ,nan                                         ,nan                                   ,nan                                        ,nan                                               ,nan                                                    ,nan
12             ,47                        ,TSP_CITIES_SET_47_N_12.json,CPU               ,particle_swarm_tsp,nan                   ,nan     ,[]                 ,False                  ,nan                    ,nan        ,[]          ,nan                                       ,PSO_POP_100_ALPHA_0_5_BETA_0_4_NR_ITER_100                                                                                             ,"{'suffix': 'PSO_POP_100_ALPHA_0_5_BETA_0_4_NR_ITER_100', 'size_of_population': 100, 'alpha': 0.5, 'beta': 0.4, 'max_iterations': 100}",9.4                   ,9.4                   ,nan                   ,9.4                  ,0.09374690055847168                    ,nan                                         ,nan                                   ,nan                                        ,nan                                               ,nan                                                    ,nan
12             ,48                        ,TSP_CITIES_SET_48_N_12.json,CPU               ,particle_swarm_tsp,nan                   ,nan     ,[]                 ,False                  ,nan                    ,nan        ,[]          ,nan                                       ,PSO_POP_100_ALPHA_0_5_BETA_0_4_NR_ITER_100                                                                                             ,"{'suffix': 'PSO_POP_100_ALPHA_0_5_BETA_0_4_NR_ITER_100', 'size_of_population': 100, 'alpha': 0.5, 'beta': 0.4, 'max_iterations': 100}",7.1                   ,7.1                   ,nan                   ,7.1                  ,0.0624997615814209                     ,nan                                         ,nan                                   ,nan                                        ,nan                                               ,nan                                                    ,nan
12             ,49                        ,TSP_CITIES_SET_49_N_12.json,CPU               ,particle_swarm_tsp,nan                   ,nan     ,[]                 ,False                  ,nan                    ,nan        ,[]          ,nan                                       ,PSO_POP_100_ALPHA_0_5_BETA_0_4_NR_ITER_100                                                                                             ,"{'suffix': 'PSO_POP_100_ALPHA_0_5_BETA_0_4_NR_ITER_100', 'size_of_population': 100, 'alpha': 0.5, 'beta': 0.4, 'max_iterations': 100}",9.4                   ,9.4                   ,nan                   ,9.4                  ,0.09377241134643555                    ,nan                                         ,nan                                   ,nan                                        ,nan                                               ,nan                                                    ,nan
12             ,50                        ,TSP_CITIES_SET_50_N_12.json,CPU               ,particle_swarm_tsp,nan                   ,nan     ,[]                 ,False                  ,nan                    ,nan        ,[]          ,nan                                       ,PSO_POP_100_ALPHA_0_5_BETA_0_4_NR_ITER_100                                                                                             ,"{'suffix': 'PSO_POP_100_ALPHA_0_5_BETA_0_4_NR_ITER_100', 'size_of_population': 100, 'alpha': 0.5, 'beta': 0.4, 'max_iterations': 100}",10.7                  ,10.7                  ,nan                   ,10.7                 ,0.09378480911254883                    ,nan                                         ,nan                                   ,nan                                        ,nan                                               ,nan                                                    ,nan
12             ,51                        ,TSP_CITIES_SET_51_N_12.json,CPU               ,particle_swarm_tsp,nan                   ,nan     ,[]                 ,False                  ,nan                    ,nan        ,[]          ,nan                                       ,PSO_POP_100_ALPHA_0_5_BETA_0_4_NR_ITER_100                                                                                             ,"{'suffix': 'PSO_POP_100_ALPHA_0_5_BETA_0_4_NR_ITER_100', 'size_of_population': 100, 'alpha': 0.5, 'beta': 0.4, 'max_iterations': 100}",8.9                   ,8.9                   ,nan                   ,8.9                  ,0.07812237739562988                    ,nan                                         ,nan                                   ,nan                                        ,nan                                               ,nan                                                    ,nan
12             ,52                        ,TSP_CITIES_SET_52_N_12.json,CPU               ,particle_swarm_tsp,nan                   ,nan     ,[]                 ,False                  ,nan                    ,nan        ,[]          ,nan                                       ,PSO_POP_100_ALPHA_0_5_BETA_0_4_NR_ITER_100                                                                                             ,"{'suffix': 'PSO_POP_100_ALPHA_0_5_BETA_0_4_NR_ITER_100', 'size_of_population': 100, 'alpha': 0.5, 'beta': 0.4, 'max_iterations': 100}",7.8                   ,7.8                   ,nan                   ,7.8                  ,0.07812237739562988                    ,nan                                         ,nan                                   ,nan                                        ,nan                                               ,nan                                                    ,nan
12             ,53                        ,TSP_CITIES_SET_53_N_12.json,CPU               ,particle_swarm_tsp,nan                   ,nan     ,[]                 ,False                  ,nan                    ,nan        ,[]          ,nan                                       ,PSO_POP_100_ALPHA_0_5_BETA_0_4_NR_ITER_100                                                                                             ,"{'suffix': 'PSO_POP_100_ALPHA_0_5_BETA_0_4_NR_ITER_100', 'size_of_population': 100, 'alpha': 0.5, 'beta': 0.4, 'max_iterations': 100}",8.6                   ,8.6                   ,nan                   ,8.6                  ,0.07811975479125977                    ,nan                                         ,nan                                   ,nan                                        ,nan                                               ,nan                                                    ,nan
12             ,54                        ,TSP_CITIES_SET_54_N_12.json,CPU               ,particle_swarm_tsp,nan                   ,nan     ,[]                 ,False                  ,nan                    ,nan        ,[]          ,nan                                       ,PSO_POP_100_ALPHA_0_5_BETA_0_4_NR_ITER_100                                                                                             ,"{'suffix': 'PSO_POP_100_ALPHA_0_5_BETA_0_4_NR_ITER_100', 'size_of_population': 100, 'alpha': 0.5, 'beta': 0.4, 'max_iterations': 100}",9.3                   ,9.3                   ,nan                   ,9.3                  ,0.07812237739562988                    ,nan                                         ,nan                                   ,nan                                        ,nan                                               ,nan                                                    ,nan
12             ,55                        ,TSP_CITIES_SET_55_N_12.json,CPU               ,particle_swarm_tsp,nan                   ,nan     ,[]                 ,False                  ,nan                    ,nan        ,[]          ,nan                                       ,PSO_POP_100_ALPHA_0_5_BETA_0_4_NR_ITER_100                                                                                             ,"{'suffix': 'PSO_POP_100_ALPHA_0_5_BETA_0_4_NR_ITER_100', 'size_of_population': 100, 'alpha': 0.5, 'beta': 0.4, 'max_iterations': 100}",9.4                   ,9.4                   ,nan                   ,9.4                  ,0.09374833106994629                    ,nan                                         ,nan                                   ,nan                                        ,nan                                               ,nan                                                    ,nan
12             ,56                        ,TSP_CITIES_SET_56_N_12.json,CPU               ,particle_swarm_tsp,nan                   ,nan     ,[]                 ,False                  ,nan                    ,nan        ,[]          ,nan                                       ,PSO_POP_100_ALPHA_0_5_BETA_0_4_NR_ITER_100                                                                                             ,"{'suffix': 'PSO_POP_100_ALPHA_0_5_BETA_0_4_NR_ITER_100', 'size_of_population': 100, 'alpha': 0.5, 'beta': 0.4, 'max_iterations': 100}",8.9                   ,8.9                   ,nan                   ,8.9                  ,0.07812309265136719                    ,nan                                         ,nan                                   ,nan                                        ,nan                                               ,nan                                                    ,nan
12             ,57                        ,TSP_CITIES_SET_57_N_12.json,CPU               ,particle_swarm_tsp,nan                   ,nan     ,[]                 ,False                  ,nan                    ,nan        ,[]          ,nan                                       ,PSO_POP_100_ALPHA_0_5_BETA_0_4_NR_ITER_100                                                                                             ,"{'suffix': 'PSO_POP_100_ALPHA_0_5_BETA_0_4_NR_ITER_100', 'size_of_population': 100, 'alpha': 0.5, 'beta': 0.4, 'max_iterations': 100}",9.7                   ,9.7                   ,nan                   ,9.7                  ,0.09374642372131348                    ,nan                                         ,nan                                   ,nan                                        ,nan                                               ,nan                                                    ,nan
12             ,58                        ,TSP_CITIES_SET_58_N_12.json,CPU               ,particle_swarm_tsp,nan                   ,nan     ,[]                 ,False                  ,nan                    ,nan        ,[]          ,nan                                       ,PSO_POP_100_ALPHA_0_5_BETA_0_4_NR_ITER_100                                                                                             ,"{'suffix': 'PSO_POP_100_ALPHA_0_5_BETA_0_4_NR_ITER_100', 'size_of_population': 100, 'alpha': 0.5, 'beta': 0.4, 'max_iterations': 100}",9.2                   ,9.2                   ,nan                   ,9.2                  ,0.09374713897705078                    ,nan                                         ,nan                                   ,nan                                        ,nan                                               ,nan                                                    ,nan
12             ,59                        ,TSP_CITIES_SET_59_N_12.json,CPU               ,particle_swarm_tsp,nan                   ,nan     ,[]                 ,False                  ,nan                    ,nan        ,[]          ,nan                                       ,PSO_POP_100_ALPHA_0_5_BETA_0_4_NR_ITER_100                                                                                             ,"{'suffix': 'PSO_POP_100_ALPHA_0_5_BETA_0_4_NR_ITER_100', 'size_of_population': 100, 'alpha': 0.5, 'beta': 0.4, 'max_iterations': 100}",23.2                  ,23.2                  ,nan                   ,23.2                 ,0.09377765655517578                    ,nan                                         ,nan                                   ,nan                                        ,nan                                               ,nan                                                    ,nan
12             ,60                        ,TSP_CITIES_SET_60_N_12.json,CPU               ,particle_swarm_tsp,nan                   ,nan     ,[]                 ,False                  ,nan                    ,nan        ,[]          ,nan                                       ,PSO_POP_100_ALPHA_0_5_BETA_0_4_NR_ITER_100                                                                                             ,"{'suffix': 'PSO_POP_100_ALPHA_0_5_BETA_0_4_NR_ITER_100', 'size_of_population': 100, 'alpha': 0.5, 'beta': 0.4, 'max_iterations': 100}",8.6                   ,8.6                   ,nan                   ,8.6                  ,0.07812142372131348                    ,nan                                         ,nan                                   ,nan                                        ,nan                                               ,nan                                                    ,nan
12             ,61                        ,TSP_CITIES_SET_61_N_12.json,CPU               ,particle_swarm_tsp,nan                   ,nan     ,[]                 ,False                  ,nan                    ,nan        ,[]          ,nan                                       ,PSO_POP_100_ALPHA_0_5_BETA_0_4_NR_ITER_100                                                                                             ,"{'suffix': 'PSO_POP_100_ALPHA_0_5_BETA_0_4_NR_ITER_100', 'size_of_population': 100, 'alpha': 0.5, 'beta': 0.4, 'max_iterations': 100}",8.1                   ,8.1                   ,nan                   ,8.1                  ,0.0781240463256836                     ,nan                                         ,nan                                   ,nan                                        ,nan                                               ,nan                                                    ,nan
12             ,62                        ,TSP_CITIES_SET_62_N_12.json,CPU               ,particle_swarm_tsp,nan                   ,nan     ,[]                 ,False                  ,nan                    ,nan        ,[]          ,nan                                       ,PSO_POP_100_ALPHA_0_5_BETA_0_4_NR_ITER_100                                                                                             ,"{'suffix': 'PSO_POP_100_ALPHA_0_5_BETA_0_4_NR_ITER_100', 'size_of_population': 100, 'alpha': 0.5, 'beta': 0.4, 'max_iterations': 100}",10.7                  ,10.7                  ,nan                   ,10.7                 ,0.09373092651367188                    ,nan                                         ,nan                                   ,nan                                        ,nan                                               ,nan                                                    ,nan
12             ,63                        ,TSP_CITIES_SET_63_N_12.json,CPU               ,particle_swarm_tsp,nan                   ,nan     ,[]                 ,False                  ,nan                    ,nan        ,[]          ,nan                                       ,PSO_POP_100_ALPHA_0_5_BETA_0_4_NR_ITER_100                                                                                             ,"{'suffix': 'PSO_POP_100_ALPHA_0_5_BETA_0_4_NR_ITER_100', 'size_of_population': 100, 'alpha': 0.5, 'beta': 0.4, 'max_iterations': 100}",9.8                   ,9.8                   ,nan                   ,9.8                  ,0.07812070846557617                    ,nan                                         ,nan                                   ,nan                                        ,nan                                               ,nan                                                    ,nan
12             ,64                        ,TSP_CITIES_SET_64_N_12.json,CPU               ,particle_swarm_tsp,nan                   ,nan     ,[]                 ,False                  ,nan                    ,nan        ,[]          ,nan                                       ,PSO_POP_100_ALPHA_0_5_BETA_0_4_NR_ITER_100                                                                                             ,"{'suffix': 'PSO_POP_100_ALPHA_0_5_BETA_0_4_NR_ITER_100', 'size_of_population': 100, 'alpha': 0.5, 'beta': 0.4, 'max_iterations': 100}",10.7                  ,10.7                  ,nan                   ,10.7                 ,0.09377837181091309                    ,nan                                         ,nan                                   ,nan                                        ,nan                                               ,nan                                                    ,nan
12             ,65                        ,TSP_CITIES_SET_65_N_12.json,CPU               ,particle_swarm_tsp,nan                   ,nan     ,[]                 ,False                  ,nan                    ,nan        ,[]          ,nan                                       ,PSO_POP_100_ALPHA_0_5_BETA_0_4_NR_ITER_100                                                                                             ,"{'suffix': 'PSO_POP_100_ALPHA_0_5_BETA_0_4_NR_ITER_100', 'size_of_population': 100, 'alpha': 0.5, 'beta': 0.4, 'max_iterations': 100}",8.9                   ,8.9                   ,nan                   ,8.9                  ,0.07812380790710449                    ,nan                                         ,nan                                   ,nan                                        ,nan                                               ,nan                                                    ,nan
12             ,66                        ,TSP_CITIES_SET_66_N_12.json,CPU               ,particle_swarm_tsp,nan                   ,nan     ,[]                 ,False                  ,nan                    ,nan        ,[]          ,nan                                       ,PSO_POP_100_ALPHA_0_5_BETA_0_4_NR_ITER_100                                                                                             ,"{'suffix': 'PSO_POP_100_ALPHA_0_5_BETA_0_4_NR_ITER_100', 'size_of_population': 100, 'alpha': 0.5, 'beta': 0.4, 'max_iterations': 100}",8.8                   ,8.8                   ,nan                   ,8.8                  ,0.07812023162841797                    ,nan                                         ,nan                                   ,nan                                        ,nan                                               ,nan                                                    ,nan
12             ,67                        ,TSP_CITIES_SET_67_N_12.json,CPU               ,particle_swarm_tsp,nan                   ,nan     ,[]                 ,False                  ,nan                    ,nan        ,[]          ,nan                                       ,PSO_POP_100_ALPHA_0_5_BETA_0_4_NR_ITER_100                                                                                             ,"{'suffix': 'PSO_POP_100_ALPHA_0_5_BETA_0_4_NR_ITER_100', 'size_of_population': 100, 'alpha': 0.5, 'beta': 0.4, 'max_iterations': 100}",8.9                   ,8.9                   ,nan                   ,8.9                  ,0.07816195487976074                    ,nan                                         ,nan                                   ,nan                                        ,nan                                               ,nan                                                    ,nan
12             ,68                        ,TSP_CITIES_SET_68_N_12.json,CPU               ,particle_swarm_tsp,nan                   ,nan     ,[]                 ,False                  ,nan                    ,nan        ,[]          ,nan                                       ,PSO_POP_100_ALPHA_0_5_BETA_0_4_NR_ITER_100                                                                                             ,"{'suffix': 'PSO_POP_100_ALPHA_0_5_BETA_0_4_NR_ITER_100', 'size_of_population': 100, 'alpha': 0.5, 'beta': 0.4, 'max_iterations': 100}",8.8                   ,8.8                   ,nan                   ,8.8                  ,0.07816004753112793                    ,nan                                         ,nan                                   ,nan                                        ,nan                                               ,nan                                                    ,nan
12             ,69                        ,TSP_CITIES_SET_69_N_12.json,CPU               ,particle_swarm_tsp,nan                   ,nan     ,[]                 ,False                  ,nan                    ,nan        ,[]          ,nan                                       ,PSO_POP_100_ALPHA_0_5_BETA_0_4_NR_ITER_100                                                                                             ,"{'suffix': 'PSO_POP_100_ALPHA_0_5_BETA_0_4_NR_ITER_100', 'size_of_population': 100, 'alpha': 0.5, 'beta': 0.4, 'max_iterations': 100}",12.5                  ,12.5                  ,nan                   ,12.5                 ,0.08464479446411133                    ,nan                                         ,nan                                   ,nan                                        ,nan                                               ,nan                                                    ,nan
12             ,70                        ,TSP_CITIES_SET_70_N_12.json,CPU               ,particle_swarm_tsp,nan                   ,nan     ,[]                 ,False                  ,nan                    ,nan        ,[]          ,nan                                       ,PSO_POP_100_ALPHA_0_5_BETA_0_4_NR_ITER_100                                                                                             ,"{'suffix': 'PSO_POP_100_ALPHA_0_5_BETA_0_4_NR_ITER_100', 'size_of_population': 100, 'alpha': 0.5, 'beta': 0.4, 'max_iterations': 100}",10.7                  ,10.7                  ,nan                   ,10.7                 ,0.09377312660217285                    ,nan                                         ,nan                                   ,nan                                        ,nan                                               ,nan                                                    ,nan
12             ,71                        ,TSP_CITIES_SET_71_N_12.json,CPU               ,particle_swarm_tsp,nan                   ,nan     ,[]                 ,False                  ,nan                    ,nan        ,[]          ,nan                                       ,PSO_POP_100_ALPHA_0_5_BETA_0_4_NR_ITER_100                                                                                             ,"{'suffix': 'PSO_POP_100_ALPHA_0_5_BETA_0_4_NR_ITER_100', 'size_of_population': 100, 'alpha': 0.5, 'beta': 0.4, 'max_iterations': 100}",9.6                   ,9.6                   ,nan                   ,9.6                  ,0.07811617851257324                    ,nan                                         ,nan                                   ,nan                                        ,nan                                               ,nan                                                    ,nan
12             ,72                        ,TSP_CITIES_SET_72_N_12.json,CPU               ,particle_swarm_tsp,nan                   ,nan     ,[]                 ,False                  ,nan                    ,nan        ,[]          ,nan                                       ,PSO_POP_100_ALPHA_0_5_BETA_0_4_NR_ITER_100                                                                                             ,"{'suffix': 'PSO_POP_100_ALPHA_0_5_BETA_0_4_NR_ITER_100', 'size_of_population': 100, 'alpha': 0.5, 'beta': 0.4, 'max_iterations': 100}",9.8                   ,9.8                   ,nan                   ,9.8                  ,0.07812070846557617                    ,nan                                         ,nan                                   ,nan                                        ,nan                                               ,nan                                                    ,nan
12             ,73                        ,TSP_CITIES_SET_73_N_12.json,CPU               ,particle_swarm_tsp,nan                   ,nan     ,[]                 ,False                  ,nan                    ,nan        ,[]          ,nan                                       ,PSO_POP_100_ALPHA_0_5_BETA_0_4_NR_ITER_100                                                                                             ,"{'suffix': 'PSO_POP_100_ALPHA_0_5_BETA_0_4_NR_ITER_100', 'size_of_population': 100, 'alpha': 0.5, 'beta': 0.4, 'max_iterations': 100}",20.3                  ,20.3                  ,nan                   ,20.3                 ,0.07812356948852539                    ,nan                                         ,nan                                   ,nan                                        ,nan                                               ,nan                                                    ,nan
12             ,74                        ,TSP_CITIES_SET_74_N_12.json,CPU               ,particle_swarm_tsp,nan                   ,nan     ,[]                 ,False                  ,nan                    ,nan        ,[]          ,nan                                       ,PSO_POP_100_ALPHA_0_5_BETA_0_4_NR_ITER_100                                                                                             ,"{'suffix': 'PSO_POP_100_ALPHA_0_5_BETA_0_4_NR_ITER_100', 'size_of_population': 100, 'alpha': 0.5, 'beta': 0.4, 'max_iterations': 100}",9.8                   ,9.8                   ,nan                   ,9.8                  ,0.09374499320983887                    ,nan                                         ,nan                                   ,nan                                        ,nan                                               ,nan                                                    ,nan
12             ,75                        ,TSP_CITIES_SET_75_N_12.json,CPU               ,particle_swarm_tsp,nan                   ,nan     ,[]                 ,False                  ,nan                    ,nan        ,[]          ,nan                                       ,PSO_POP_100_ALPHA_0_5_BETA_0_4_NR_ITER_100                                                                                             ,"{'suffix': 'PSO_POP_100_ALPHA_0_5_BETA_0_4_NR_ITER_100', 'size_of_population': 100, 'alpha': 0.5, 'beta': 0.4, 'max_iterations': 100}",7.7                   ,7.7                   ,nan                   ,7.7                  ,0.06249594688415527                    ,nan                                         ,nan                                   ,nan                                        ,nan                                               ,nan                                                    ,nan
12             ,76                        ,TSP_CITIES_SET_76_N_12.json,CPU               ,particle_swarm_tsp,nan                   ,nan     ,[]                 ,False                  ,nan                    ,nan        ,[]          ,nan                                       ,PSO_POP_100_ALPHA_0_5_BETA_0_4_NR_ITER_100                                                                                             ,"{'suffix': 'PSO_POP_100_ALPHA_0_5_BETA_0_4_NR_ITER_100', 'size_of_population': 100, 'alpha': 0.5, 'beta': 0.4, 'max_iterations': 100}",10.7                  ,10.7                  ,nan                   ,10.7                 ,0.07709980010986328                    ,nan                                         ,nan                                   ,nan                                        ,nan                                               ,nan                                                    ,nan
12             ,77                        ,TSP_CITIES_SET_77_N_12.json,CPU               ,particle_swarm_tsp,nan                   ,nan     ,[]                 ,False                  ,nan                    ,nan        ,[]          ,nan                                       ,PSO_POP_100_ALPHA_0_5_BETA_0_4_NR_ITER_100                                                                                             ,"{'suffix': 'PSO_POP_100_ALPHA_0_5_BETA_0_4_NR_ITER_100', 'size_of_population': 100, 'alpha': 0.5, 'beta': 0.4, 'max_iterations': 100}",11.1                  ,11.1                  ,nan                   ,11.1                 ,0.09378314018249512                    ,nan                                         ,nan                                   ,nan                                        ,nan                                               ,nan                                                    ,nan
12             ,78                        ,TSP_CITIES_SET_78_N_12.json,CPU               ,particle_swarm_tsp,nan                   ,nan     ,[]                 ,False                  ,nan                    ,nan        ,[]          ,nan                                       ,PSO_POP_100_ALPHA_0_5_BETA_0_4_NR_ITER_100                                                                                             ,"{'suffix': 'PSO_POP_100_ALPHA_0_5_BETA_0_4_NR_ITER_100', 'size_of_population': 100, 'alpha': 0.5, 'beta': 0.4, 'max_iterations': 100}",9.2                   ,9.2                   ,nan                   ,9.2                  ,0.09374833106994629                    ,nan                                         ,nan                                   ,nan                                        ,nan                                               ,nan                                                    ,nan
12             ,79                        ,TSP_CITIES_SET_79_N_12.json,CPU               ,particle_swarm_tsp,nan                   ,nan     ,[]                 ,False                  ,nan                    ,nan        ,[]          ,nan                                       ,PSO_POP_100_ALPHA_0_5_BETA_0_4_NR_ITER_100                                                                                             ,"{'suffix': 'PSO_POP_100_ALPHA_0_5_BETA_0_4_NR_ITER_100', 'size_of_population': 100, 'alpha': 0.5, 'beta': 0.4, 'max_iterations': 100}",9.6                   ,9.6                   ,nan                   ,9.6                  ,0.07811784744262695                    ,nan                                         ,nan                                   ,nan                                        ,nan                                               ,nan                                                    ,nan
12             ,80                        ,TSP_CITIES_SET_80_N_12.json,CPU               ,particle_swarm_tsp,nan                   ,nan     ,[]                 ,False                  ,nan                    ,nan        ,[]          ,nan                                       ,PSO_POP_100_ALPHA_0_5_BETA_0_4_NR_ITER_100                                                                                             ,"{'suffix': 'PSO_POP_100_ALPHA_0_5_BETA_0_4_NR_ITER_100', 'size_of_population': 100, 'alpha': 0.5, 'beta': 0.4, 'max_iterations': 100}",9.4                   ,9.4                   ,nan                   ,9.4                  ,0.07812237739562988                    ,nan                                         ,nan                                   ,nan                                        ,nan                                               ,nan                                                    ,nan
12             ,81                        ,TSP_CITIES_SET_81_N_12.json,CPU               ,particle_swarm_tsp,nan                   ,nan     ,[]                 ,False                  ,nan                    ,nan        ,[]          ,nan                                       ,PSO_POP_100_ALPHA_0_5_BETA_0_4_NR_ITER_100                                                                                             ,"{'suffix': 'PSO_POP_100_ALPHA_0_5_BETA_0_4_NR_ITER_100', 'size_of_population': 100, 'alpha': 0.5, 'beta': 0.4, 'max_iterations': 100}",9.4                   ,9.4                   ,nan                   ,9.4                  ,0.07725262641906738                    ,nan                                         ,nan                                   ,nan                                        ,nan                                               ,nan                                                    ,nan
12             ,82                        ,TSP_CITIES_SET_82_N_12.json,CPU               ,particle_swarm_tsp,nan                   ,nan     ,[]                 ,False                  ,nan                    ,nan        ,[]          ,nan                                       ,PSO_POP_100_ALPHA_0_5_BETA_0_4_NR_ITER_100                                                                                             ,"{'suffix': 'PSO_POP_100_ALPHA_0_5_BETA_0_4_NR_ITER_100', 'size_of_population': 100, 'alpha': 0.5, 'beta': 0.4, 'max_iterations': 100}",8.1                   ,8.1                   ,nan                   ,8.1                  ,0.07812166213989258                    ,nan                                         ,nan                                   ,nan                                        ,nan                                               ,nan                                                    ,nan
12             ,83                        ,TSP_CITIES_SET_83_N_12.json,CPU               ,particle_swarm_tsp,nan                   ,nan     ,[]                 ,False                  ,nan                    ,nan        ,[]          ,nan                                       ,PSO_POP_100_ALPHA_0_5_BETA_0_4_NR_ITER_100                                                                                             ,"{'suffix': 'PSO_POP_100_ALPHA_0_5_BETA_0_4_NR_ITER_100', 'size_of_population': 100, 'alpha': 0.5, 'beta': 0.4, 'max_iterations': 100}",14.3                  ,14.3                  ,nan                   ,14.3                 ,0.09372687339782715                    ,nan                                         ,nan                                   ,nan                                        ,nan                                               ,nan                                                    ,nan
12             ,84                        ,TSP_CITIES_SET_84_N_12.json,CPU               ,particle_swarm_tsp,nan                   ,nan     ,[]                 ,False                  ,nan                    ,nan        ,[]          ,nan                                       ,PSO_POP_100_ALPHA_0_5_BETA_0_4_NR_ITER_100                                                                                             ,"{'suffix': 'PSO_POP_100_ALPHA_0_5_BETA_0_4_NR_ITER_100', 'size_of_population': 100, 'alpha': 0.5, 'beta': 0.4, 'max_iterations': 100}",10.7                  ,10.7                  ,nan                   ,10.7                 ,0.07812356948852539                    ,nan                                         ,nan                                   ,nan                                        ,nan                                               ,nan                                                    ,nan
12             ,85                        ,TSP_CITIES_SET_85_N_12.json,CPU               ,particle_swarm_tsp,nan                   ,nan     ,[]                 ,False                  ,nan                    ,nan        ,[]          ,nan                                       ,PSO_POP_100_ALPHA_0_5_BETA_0_4_NR_ITER_100                                                                                             ,"{'suffix': 'PSO_POP_100_ALPHA_0_5_BETA_0_4_NR_ITER_100', 'size_of_population': 100, 'alpha': 0.5, 'beta': 0.4, 'max_iterations': 100}",10.7                  ,10.7                  ,nan                   ,10.7                 ,0.09371304512023926                    ,nan                                         ,nan                                   ,nan                                        ,nan                                               ,nan                                                    ,nan
12             ,86                        ,TSP_CITIES_SET_86_N_12.json,CPU               ,particle_swarm_tsp,nan                   ,nan     ,[]                 ,False                  ,nan                    ,nan        ,[]          ,nan                                       ,PSO_POP_100_ALPHA_0_5_BETA_0_4_NR_ITER_100                                                                                             ,"{'suffix': 'PSO_POP_100_ALPHA_0_5_BETA_0_4_NR_ITER_100', 'size_of_population': 100, 'alpha': 0.5, 'beta': 0.4, 'max_iterations': 100}",16.1                  ,16.1                  ,nan                   ,16.1                 ,0.07812166213989258                    ,nan                                         ,nan                                   ,nan                                        ,nan                                               ,nan                                                    ,nan
12             ,87                        ,TSP_CITIES_SET_87_N_12.json,CPU               ,particle_swarm_tsp,nan                   ,nan     ,[]                 ,False                  ,nan                    ,nan        ,[]          ,nan                                       ,PSO_POP_100_ALPHA_0_5_BETA_0_4_NR_ITER_100                                                                                             ,"{'suffix': 'PSO_POP_100_ALPHA_0_5_BETA_0_4_NR_ITER_100', 'size_of_population': 100, 'alpha': 0.5, 'beta': 0.4, 'max_iterations': 100}",11.5                  ,11.5                  ,nan                   ,11.5                 ,0.07819700241088867                    ,nan                                         ,nan                                   ,nan                                        ,nan                                               ,nan                                                    ,nan
12             ,88                        ,TSP_CITIES_SET_88_N_12.json,CPU               ,particle_swarm_tsp,nan                   ,nan     ,[]                 ,False                  ,nan                    ,nan        ,[]          ,nan                                       ,PSO_POP_100_ALPHA_0_5_BETA_0_4_NR_ITER_100                                                                                             ,"{'suffix': 'PSO_POP_100_ALPHA_0_5_BETA_0_4_NR_ITER_100', 'size_of_population': 100, 'alpha': 0.5, 'beta': 0.4, 'max_iterations': 100}",11.5                  ,11.5                  ,nan                   ,11.5                 ,0.07812190055847168                    ,nan                                         ,nan                                   ,nan                                        ,nan                                               ,nan                                                    ,nan
12             ,89                        ,TSP_CITIES_SET_89_N_12.json,CPU               ,particle_swarm_tsp,nan                   ,nan     ,[]                 ,False                  ,nan                    ,nan        ,[]          ,nan                                       ,PSO_POP_100_ALPHA_0_5_BETA_0_4_NR_ITER_100                                                                                             ,"{'suffix': 'PSO_POP_100_ALPHA_0_5_BETA_0_4_NR_ITER_100', 'size_of_population': 100, 'alpha': 0.5, 'beta': 0.4, 'max_iterations': 100}",8.9                   ,8.9                   ,nan                   ,8.9                  ,0.0781240463256836                     ,nan                                         ,nan                                   ,nan                                        ,nan                                               ,nan                                                    ,nan
12             ,90                        ,TSP_CITIES_SET_90_N_12.json,CPU               ,particle_swarm_tsp,nan                   ,nan     ,[]                 ,False                  ,nan                    ,nan        ,[]          ,nan                                       ,PSO_POP_100_ALPHA_0_5_BETA_0_4_NR_ITER_100                                                                                             ,"{'suffix': 'PSO_POP_100_ALPHA_0_5_BETA_0_4_NR_ITER_100', 'size_of_population': 100, 'alpha': 0.5, 'beta': 0.4, 'max_iterations': 100}",10.9                  ,10.9                  ,nan                   ,10.9                 ,0.0937814712524414                     ,nan                                         ,nan                                   ,nan                                        ,nan                                               ,nan                                                    ,nan
12             ,91                        ,TSP_CITIES_SET_91_N_12.json,CPU               ,particle_swarm_tsp,nan                   ,nan     ,[]                 ,False                  ,nan                    ,nan        ,[]          ,nan                                       ,PSO_POP_100_ALPHA_0_5_BETA_0_4_NR_ITER_100                                                                                             ,"{'suffix': 'PSO_POP_100_ALPHA_0_5_BETA_0_4_NR_ITER_100', 'size_of_population': 100, 'alpha': 0.5, 'beta': 0.4, 'max_iterations': 100}",9.4                   ,9.4                   ,nan                   ,9.4                  ,0.09378838539123535                    ,nan                                         ,nan                                   ,nan                                        ,nan                                               ,nan                                                    ,nan
12             ,92                        ,TSP_CITIES_SET_92_N_12.json,CPU               ,particle_swarm_tsp,nan                   ,nan     ,[]                 ,False                  ,nan                    ,nan        ,[]          ,nan                                       ,PSO_POP_100_ALPHA_0_5_BETA_0_4_NR_ITER_100                                                                                             ,"{'suffix': 'PSO_POP_100_ALPHA_0_5_BETA_0_4_NR_ITER_100', 'size_of_population': 100, 'alpha': 0.5, 'beta': 0.4, 'max_iterations': 100}",12.3                  ,12.3                  ,nan                   ,12.3                 ,0.12503862380981445                    ,nan                                         ,nan                                   ,nan                                        ,nan                                               ,nan                                                    ,nan
12             ,93                        ,TSP_CITIES_SET_93_N_12.json,CPU               ,particle_swarm_tsp,nan                   ,nan     ,[]                 ,False                  ,nan                    ,nan        ,[]          ,nan                                       ,PSO_POP_100_ALPHA_0_5_BETA_0_4_NR_ITER_100                                                                                             ,"{'suffix': 'PSO_POP_100_ALPHA_0_5_BETA_0_4_NR_ITER_100', 'size_of_population': 100, 'alpha': 0.5, 'beta': 0.4, 'max_iterations': 100}",8.9                   ,8.9                   ,nan                   ,8.9                  ,0.07812261581420898                    ,nan                                         ,nan                                   ,nan                                        ,nan                                               ,nan                                                    ,nan
12             ,94                        ,TSP_CITIES_SET_94_N_12.json,CPU               ,particle_swarm_tsp,nan                   ,nan     ,[]                 ,False                  ,nan                    ,nan        ,[]          ,nan                                       ,PSO_POP_100_ALPHA_0_5_BETA_0_4_NR_ITER_100                                                                                             ,"{'suffix': 'PSO_POP_100_ALPHA_0_5_BETA_0_4_NR_ITER_100', 'size_of_population': 100, 'alpha': 0.5, 'beta': 0.4, 'max_iterations': 100}",9.4                   ,9.4                   ,nan                   ,9.4                  ,0.09378719329833984                    ,nan                                         ,nan                                   ,nan                                        ,nan                                               ,nan                                                    ,nan
12             ,95                        ,TSP_CITIES_SET_95_N_12.json,CPU               ,particle_swarm_tsp,nan                   ,nan     ,[]                 ,False                  ,nan                    ,nan        ,[]          ,nan                                       ,PSO_POP_100_ALPHA_0_5_BETA_0_4_NR_ITER_100                                                                                             ,"{'suffix': 'PSO_POP_100_ALPHA_0_5_BETA_0_4_NR_ITER_100', 'size_of_population': 100, 'alpha': 0.5, 'beta': 0.4, 'max_iterations': 100}",11.3                  ,11.3                  ,nan                   ,11.3                 ,0.09379005432128906                    ,nan                                         ,nan                                   ,nan                                        ,nan                                               ,nan                                                    ,nan
12             ,96                        ,TSP_CITIES_SET_96_N_12.json,CPU               ,particle_swarm_tsp,nan                   ,nan     ,[]                 ,False                  ,nan                    ,nan        ,[]          ,nan                                       ,PSO_POP_100_ALPHA_0_5_BETA_0_4_NR_ITER_100                                                                                             ,"{'suffix': 'PSO_POP_100_ALPHA_0_5_BETA_0_4_NR_ITER_100', 'size_of_population': 100, 'alpha': 0.5, 'beta': 0.4, 'max_iterations': 100}",8.2                   ,8.2                   ,nan                   ,8.2                  ,0.0781102180480957                     ,nan                                         ,nan                                   ,nan                                        ,nan                                               ,nan                                                    ,nan
12             ,97                        ,TSP_CITIES_SET_97_N_12.json,CPU               ,particle_swarm_tsp,nan                   ,nan     ,[]                 ,False                  ,nan                    ,nan        ,[]          ,nan                                       ,PSO_POP_100_ALPHA_0_5_BETA_0_4_NR_ITER_100                                                                                             ,"{'suffix': 'PSO_POP_100_ALPHA_0_5_BETA_0_4_NR_ITER_100', 'size_of_population': 100, 'alpha': 0.5, 'beta': 0.4, 'max_iterations': 100}",7.9                   ,7.9                   ,nan                   ,7.9                  ,0.07815742492675781                    ,nan                                         ,nan                                   ,nan                                        ,nan                                               ,nan                                                    ,nan
12             ,98                        ,TSP_CITIES_SET_98_N_12.json,CPU               ,particle_swarm_tsp,nan                   ,nan     ,[]                 ,False                  ,nan                    ,nan        ,[]          ,nan                                       ,PSO_POP_100_ALPHA_0_5_BETA_0_4_NR_ITER_100                                                                                             ,"{'suffix': 'PSO_POP_100_ALPHA_0_5_BETA_0_4_NR_ITER_100', 'size_of_population': 100, 'alpha': 0.5, 'beta': 0.4, 'max_iterations': 100}",8.1                   ,8.1                   ,nan                   ,8.1                  ,0.07810425758361816                    ,nan                                         ,nan                                   ,nan                                        ,nan                                               ,nan                                                    ,nan
12             ,99                        ,TSP_CITIES_SET_99_N_12.json,CPU               ,particle_swarm_tsp,nan                   ,nan     ,[]                 ,False                  ,nan                    ,nan        ,[]          ,nan                                       ,PSO_POP_100_ALPHA_0_5_BETA_0_4_NR_ITER_100                                                                                             ,"{'suffix': 'PSO_POP_100_ALPHA_0_5_BETA_0_4_NR_ITER_100', 'size_of_population': 100, 'alpha': 0.5, 'beta': 0.4, 'max_iterations': 100}",9.1                   ,9.1                   ,nan                   ,9.1                  ,0.07815861701965332                    ,nan                                         ,nan                                   ,nan                                        ,nan                                               ,nan                                                    ,nan
13             ,0                         ,TSP_CITIES_SET_0_N_13.json ,CPU               ,particle_swarm_tsp,nan                   ,nan     ,[]                 ,False                  ,nan                    ,nan        ,[]          ,nan                                       ,PSO_POP_100_ALPHA_0_5_BETA_0_4_NR_ITER_100                                                                                             ,"{'suffix': 'PSO_POP_100_ALPHA_0_5_BETA_0_4_NR_ITER_100', 'size_of_population': 100, 'alpha': 0.5, 'beta': 0.4, 'max_iterations': 100}",8.9                   ,8.9                   ,nan                   ,8.9                  ,0.07811999320983887                    ,nan                                         ,nan                                   ,nan                                        ,nan                                               ,nan                                                    ,nan
13             ,1                         ,TSP_CITIES_SET_1_N_13.json ,CPU               ,particle_swarm_tsp,nan                   ,nan     ,[]                 ,False                  ,nan                    ,nan        ,[]          ,nan                                       ,PSO_POP_100_ALPHA_0_5_BETA_0_4_NR_ITER_100                                                                                             ,"{'suffix': 'PSO_POP_100_ALPHA_0_5_BETA_0_4_NR_ITER_100', 'size_of_population': 100, 'alpha': 0.5, 'beta': 0.4, 'max_iterations': 100}",8.9                   ,8.9                   ,nan                   ,8.9                  ,0.07812190055847168                    ,nan                                         ,nan                                   ,nan                                        ,nan                                               ,nan                                                    ,nan
13             ,2                         ,TSP_CITIES_SET_2_N_13.json ,CPU               ,particle_swarm_tsp,nan                   ,nan     ,[]                 ,False                  ,nan                    ,nan        ,[]          ,nan                                       ,PSO_POP_100_ALPHA_0_5_BETA_0_4_NR_ITER_100                                                                                             ,"{'suffix': 'PSO_POP_100_ALPHA_0_5_BETA_0_4_NR_ITER_100', 'size_of_population': 100, 'alpha': 0.5, 'beta': 0.4, 'max_iterations': 100}",8.9                   ,8.9                   ,nan                   ,8.9                  ,0.07812261581420898                    ,nan                                         ,nan                                   ,nan                                        ,nan                                               ,nan                                                    ,nan
13             ,3                         ,TSP_CITIES_SET_3_N_13.json ,CPU               ,particle_swarm_tsp,nan                   ,nan     ,[]                 ,False                  ,nan                    ,nan        ,[]          ,nan                                       ,PSO_POP_100_ALPHA_0_5_BETA_0_4_NR_ITER_100                                                                                             ,"{'suffix': 'PSO_POP_100_ALPHA_0_5_BETA_0_4_NR_ITER_100', 'size_of_population': 100, 'alpha': 0.5, 'beta': 0.4, 'max_iterations': 100}",12.1                  ,12.1                  ,nan                   ,12.1                 ,0.10811996459960938                    ,nan                                         ,nan                                   ,nan                                        ,nan                                               ,nan                                                    ,nan
13             ,4                         ,TSP_CITIES_SET_4_N_13.json ,CPU               ,particle_swarm_tsp,nan                   ,nan     ,[]                 ,False                  ,nan                    ,nan        ,[]          ,nan                                       ,PSO_POP_100_ALPHA_0_5_BETA_0_4_NR_ITER_100                                                                                             ,"{'suffix': 'PSO_POP_100_ALPHA_0_5_BETA_0_4_NR_ITER_100', 'size_of_population': 100, 'alpha': 0.5, 'beta': 0.4, 'max_iterations': 100}",7.8                   ,7.8                   ,nan                   ,7.8                  ,0.07816481590270996                    ,nan                                         ,nan                                   ,nan                                        ,nan                                               ,nan                                                    ,nan
13             ,5                         ,TSP_CITIES_SET_5_N_13.json ,CPU               ,particle_swarm_tsp,nan                   ,nan     ,[]                 ,False                  ,nan                    ,nan        ,[]          ,nan                                       ,PSO_POP_100_ALPHA_0_5_BETA_0_4_NR_ITER_100                                                                                             ,"{'suffix': 'PSO_POP_100_ALPHA_0_5_BETA_0_4_NR_ITER_100', 'size_of_population': 100, 'alpha': 0.5, 'beta': 0.4, 'max_iterations': 100}",16.1                  ,16.1                  ,nan                   ,16.1                 ,0.09374666213989258                    ,nan                                         ,nan                                   ,nan                                        ,nan                                               ,nan                                                    ,nan
13             ,6                         ,TSP_CITIES_SET_6_N_13.json ,CPU               ,particle_swarm_tsp,nan                   ,nan     ,[]                 ,False                  ,nan                    ,nan        ,[]          ,nan                                       ,PSO_POP_100_ALPHA_0_5_BETA_0_4_NR_ITER_100                                                                                             ,"{'suffix': 'PSO_POP_100_ALPHA_0_5_BETA_0_4_NR_ITER_100', 'size_of_population': 100, 'alpha': 0.5, 'beta': 0.4, 'max_iterations': 100}",9.2                   ,9.2                   ,nan                   ,9.2                  ,0.09372687339782715                    ,nan                                         ,nan                                   ,nan                                        ,nan                                               ,nan                                                    ,nan
13             ,7                         ,TSP_CITIES_SET_7_N_13.json ,CPU               ,particle_swarm_tsp,nan                   ,nan     ,[]                 ,False                  ,nan                    ,nan        ,[]          ,nan                                       ,PSO_POP_100_ALPHA_0_5_BETA_0_4_NR_ITER_100                                                                                             ,"{'suffix': 'PSO_POP_100_ALPHA_0_5_BETA_0_4_NR_ITER_100', 'size_of_population': 100, 'alpha': 0.5, 'beta': 0.4, 'max_iterations': 100}",15.1                  ,15.1                  ,nan                   ,15.1                 ,0.10992622375488281                    ,nan                                         ,nan                                   ,nan                                        ,nan                                               ,nan                                                    ,nan
13             ,8                         ,TSP_CITIES_SET_8_N_13.json ,CPU               ,particle_swarm_tsp,nan                   ,nan     ,[]                 ,False                  ,nan                    ,nan        ,[]          ,nan                                       ,PSO_POP_100_ALPHA_0_5_BETA_0_4_NR_ITER_100                                                                                             ,"{'suffix': 'PSO_POP_100_ALPHA_0_5_BETA_0_4_NR_ITER_100', 'size_of_population': 100, 'alpha': 0.5, 'beta': 0.4, 'max_iterations': 100}",9.1                   ,9.1                   ,nan                   ,9.1                  ,0.07811856269836426                    ,nan                                         ,nan                                   ,nan                                        ,nan                                               ,nan                                                    ,nan
13             ,9                         ,TSP_CITIES_SET_9_N_13.json ,CPU               ,particle_swarm_tsp,nan                   ,nan     ,[]                 ,False                  ,nan                    ,nan        ,[]          ,nan                                       ,PSO_POP_100_ALPHA_0_5_BETA_0_4_NR_ITER_100                                                                                             ,"{'suffix': 'PSO_POP_100_ALPHA_0_5_BETA_0_4_NR_ITER_100', 'size_of_population': 100, 'alpha': 0.5, 'beta': 0.4, 'max_iterations': 100}",8.9                   ,8.9                   ,nan                   ,8.9                  ,0.07812285423278809                    ,nan                                         ,nan                                   ,nan                                        ,nan                                               ,nan                                                    ,nan
13             ,10                        ,TSP_CITIES_SET_10_N_13.json,CPU               ,particle_swarm_tsp,nan                   ,nan     ,[]                 ,False                  ,nan                    ,nan        ,[]          ,nan                                       ,PSO_POP_100_ALPHA_0_5_BETA_0_4_NR_ITER_100                                                                                             ,"{'suffix': 'PSO_POP_100_ALPHA_0_5_BETA_0_4_NR_ITER_100', 'size_of_population': 100, 'alpha': 0.5, 'beta': 0.4, 'max_iterations': 100}",10.9                  ,10.9                  ,nan                   ,10.9                 ,0.10937166213989258                    ,nan                                         ,nan                                   ,nan                                        ,nan                                               ,nan                                                    ,nan
13             ,11                        ,TSP_CITIES_SET_11_N_13.json,CPU               ,particle_swarm_tsp,nan                   ,nan     ,[]                 ,False                  ,nan                    ,nan        ,[]          ,nan                                       ,PSO_POP_100_ALPHA_0_5_BETA_0_4_NR_ITER_100                                                                                             ,"{'suffix': 'PSO_POP_100_ALPHA_0_5_BETA_0_4_NR_ITER_100', 'size_of_population': 100, 'alpha': 0.5, 'beta': 0.4, 'max_iterations': 100}",8.8                   ,8.8                   ,nan                   ,8.8                  ,0.07816553115844727                    ,nan                                         ,nan                                   ,nan                                        ,nan                                               ,nan                                                    ,nan
13             ,12                        ,TSP_CITIES_SET_12_N_13.json,CPU               ,particle_swarm_tsp,nan                   ,nan     ,[]                 ,False                  ,nan                    ,nan        ,[]          ,nan                                       ,PSO_POP_100_ALPHA_0_5_BETA_0_4_NR_ITER_100                                                                                             ,"{'suffix': 'PSO_POP_100_ALPHA_0_5_BETA_0_4_NR_ITER_100', 'size_of_population': 100, 'alpha': 0.5, 'beta': 0.4, 'max_iterations': 100}",10.9                  ,10.9                  ,nan                   ,10.9                 ,0.09379291534423828                    ,nan                                         ,nan                                   ,nan                                        ,nan                                               ,nan                                                    ,nan
13             ,13                        ,TSP_CITIES_SET_13_N_13.json,CPU               ,particle_swarm_tsp,nan                   ,nan     ,[]                 ,False                  ,nan                    ,nan        ,[]          ,nan                                       ,PSO_POP_100_ALPHA_0_5_BETA_0_4_NR_ITER_100                                                                                             ,"{'suffix': 'PSO_POP_100_ALPHA_0_5_BETA_0_4_NR_ITER_100', 'size_of_population': 100, 'alpha': 0.5, 'beta': 0.4, 'max_iterations': 100}",18.9                  ,18.9                  ,nan                   ,18.9                 ,0.10937166213989258                    ,nan                                         ,nan                                   ,nan                                        ,nan                                               ,nan                                                    ,nan
13             ,14                        ,TSP_CITIES_SET_14_N_13.json,CPU               ,particle_swarm_tsp,nan                   ,nan     ,[]                 ,False                  ,nan                    ,nan        ,[]          ,nan                                       ,PSO_POP_100_ALPHA_0_5_BETA_0_4_NR_ITER_100                                                                                             ,"{'suffix': 'PSO_POP_100_ALPHA_0_5_BETA_0_4_NR_ITER_100', 'size_of_population': 100, 'alpha': 0.5, 'beta': 0.4, 'max_iterations': 100}",10.3                  ,10.3                  ,nan                   ,10.3                 ,0.09374666213989258                    ,nan                                         ,nan                                   ,nan                                        ,nan                                               ,nan                                                    ,nan
13             ,15                        ,TSP_CITIES_SET_15_N_13.json,CPU               ,particle_swarm_tsp,nan                   ,nan     ,[]                 ,False                  ,nan                    ,nan        ,[]          ,nan                                       ,PSO_POP_100_ALPHA_0_5_BETA_0_4_NR_ITER_100                                                                                             ,"{'suffix': 'PSO_POP_100_ALPHA_0_5_BETA_0_4_NR_ITER_100', 'size_of_population': 100, 'alpha': 0.5, 'beta': 0.4, 'max_iterations': 100}",10.3                  ,10.3                  ,nan                   ,10.3                 ,0.09375119209289551                    ,nan                                         ,nan                                   ,nan                                        ,nan                                               ,nan                                                    ,nan
13             ,16                        ,TSP_CITIES_SET_16_N_13.json,CPU               ,particle_swarm_tsp,nan                   ,nan     ,[]                 ,False                  ,nan                    ,nan        ,[]          ,nan                                       ,PSO_POP_100_ALPHA_0_5_BETA_0_4_NR_ITER_100                                                                                             ,"{'suffix': 'PSO_POP_100_ALPHA_0_5_BETA_0_4_NR_ITER_100', 'size_of_population': 100, 'alpha': 0.5, 'beta': 0.4, 'max_iterations': 100}",9.4                   ,9.4                   ,nan                   ,9.4                  ,0.093780517578125                      ,nan                                         ,nan                                   ,nan                                        ,nan                                               ,nan                                                    ,nan
13             ,17                        ,TSP_CITIES_SET_17_N_13.json,CPU               ,particle_swarm_tsp,nan                   ,nan     ,[]                 ,False                  ,nan                    ,nan        ,[]          ,nan                                       ,PSO_POP_100_ALPHA_0_5_BETA_0_4_NR_ITER_100                                                                                             ,"{'suffix': 'PSO_POP_100_ALPHA_0_5_BETA_0_4_NR_ITER_100', 'size_of_population': 100, 'alpha': 0.5, 'beta': 0.4, 'max_iterations': 100}",8.9                   ,8.9                   ,nan                   ,8.9                  ,0.07812857627868652                    ,nan                                         ,nan                                   ,nan                                        ,nan                                               ,nan                                                    ,nan
13             ,18                        ,TSP_CITIES_SET_18_N_13.json,CPU               ,particle_swarm_tsp,nan                   ,nan     ,[]                 ,False                  ,nan                    ,nan        ,[]          ,nan                                       ,PSO_POP_100_ALPHA_0_5_BETA_0_4_NR_ITER_100                                                                                             ,"{'suffix': 'PSO_POP_100_ALPHA_0_5_BETA_0_4_NR_ITER_100', 'size_of_population': 100, 'alpha': 0.5, 'beta': 0.4, 'max_iterations': 100}",12.5                  ,12.5                  ,nan                   ,12.5                 ,0.10937786102294922                    ,nan                                         ,nan                                   ,nan                                        ,nan                                               ,nan                                                    ,nan
13             ,19                        ,TSP_CITIES_SET_19_N_13.json,CPU               ,particle_swarm_tsp,nan                   ,nan     ,[]                 ,False                  ,nan                    ,nan        ,[]          ,nan                                       ,PSO_POP_100_ALPHA_0_5_BETA_0_4_NR_ITER_100                                                                                             ,"{'suffix': 'PSO_POP_100_ALPHA_0_5_BETA_0_4_NR_ITER_100', 'size_of_population': 100, 'alpha': 0.5, 'beta': 0.4, 'max_iterations': 100}",7.8                   ,7.8                   ,nan                   ,7.8                  ,0.07811951637268066                    ,nan                                         ,nan                                   ,nan                                        ,nan                                               ,nan                                                    ,nan
13             ,20                        ,TSP_CITIES_SET_20_N_13.json,CPU               ,particle_swarm_tsp,nan                   ,nan     ,[]                 ,False                  ,nan                    ,nan        ,[]          ,nan                                       ,PSO_POP_100_ALPHA_0_5_BETA_0_4_NR_ITER_100                                                                                             ,"{'suffix': 'PSO_POP_100_ALPHA_0_5_BETA_0_4_NR_ITER_100', 'size_of_population': 100, 'alpha': 0.5, 'beta': 0.4, 'max_iterations': 100}",9.5                   ,9.5                   ,nan                   ,9.5                  ,0.09374642372131348                    ,nan                                         ,nan                                   ,nan                                        ,nan                                               ,nan                                                    ,nan
13             ,21                        ,TSP_CITIES_SET_21_N_13.json,CPU               ,particle_swarm_tsp,nan                   ,nan     ,[]                 ,False                  ,nan                    ,nan        ,[]          ,nan                                       ,PSO_POP_100_ALPHA_0_5_BETA_0_4_NR_ITER_100                                                                                             ,"{'suffix': 'PSO_POP_100_ALPHA_0_5_BETA_0_4_NR_ITER_100', 'size_of_population': 100, 'alpha': 0.5, 'beta': 0.4, 'max_iterations': 100}",12.5                  ,12.5                  ,nan                   ,12.5                 ,0.10922861099243164                    ,nan                                         ,nan                                   ,nan                                        ,nan                                               ,nan                                                    ,nan
13             ,22                        ,TSP_CITIES_SET_22_N_13.json,CPU               ,particle_swarm_tsp,nan                   ,nan     ,[]                 ,False                  ,nan                    ,nan        ,[]          ,nan                                       ,PSO_POP_100_ALPHA_0_5_BETA_0_4_NR_ITER_100                                                                                             ,"{'suffix': 'PSO_POP_100_ALPHA_0_5_BETA_0_4_NR_ITER_100', 'size_of_population': 100, 'alpha': 0.5, 'beta': 0.4, 'max_iterations': 100}",9.4                   ,9.4                   ,nan                   ,9.4                  ,0.0937352180480957                     ,nan                                         ,nan                                   ,nan                                        ,nan                                               ,nan                                                    ,nan
13             ,23                        ,TSP_CITIES_SET_23_N_13.json,CPU               ,particle_swarm_tsp,nan                   ,nan     ,[]                 ,False                  ,nan                    ,nan        ,[]          ,nan                                       ,PSO_POP_100_ALPHA_0_5_BETA_0_4_NR_ITER_100                                                                                             ,"{'suffix': 'PSO_POP_100_ALPHA_0_5_BETA_0_4_NR_ITER_100', 'size_of_population': 100, 'alpha': 0.5, 'beta': 0.4, 'max_iterations': 100}",11.3                  ,11.3                  ,nan                   ,11.3                 ,0.08815836906433105                    ,nan                                         ,nan                                   ,nan                                        ,nan                                               ,nan                                                    ,nan
13             ,24                        ,TSP_CITIES_SET_24_N_13.json,CPU               ,particle_swarm_tsp,nan                   ,nan     ,[]                 ,False                  ,nan                    ,nan        ,[]          ,nan                                       ,PSO_POP_100_ALPHA_0_5_BETA_0_4_NR_ITER_100                                                                                             ,"{'suffix': 'PSO_POP_100_ALPHA_0_5_BETA_0_4_NR_ITER_100', 'size_of_population': 100, 'alpha': 0.5, 'beta': 0.4, 'max_iterations': 100}",10.7                  ,10.7                  ,nan                   ,10.7                 ,0.09374761581420898                    ,nan                                         ,nan                                   ,nan                                        ,nan                                               ,nan                                                    ,nan
13             ,25                        ,TSP_CITIES_SET_25_N_13.json,CPU               ,particle_swarm_tsp,nan                   ,nan     ,[]                 ,False                  ,nan                    ,nan        ,[]          ,nan                                       ,PSO_POP_100_ALPHA_0_5_BETA_0_4_NR_ITER_100                                                                                             ,"{'suffix': 'PSO_POP_100_ALPHA_0_5_BETA_0_4_NR_ITER_100', 'size_of_population': 100, 'alpha': 0.5, 'beta': 0.4, 'max_iterations': 100}",10.7                  ,10.7                  ,nan                   ,10.7                 ,0.07766604423522949                    ,nan                                         ,nan                                   ,nan                                        ,nan                                               ,nan                                                    ,nan
13             ,26                        ,TSP_CITIES_SET_26_N_13.json,CPU               ,particle_swarm_tsp,nan                   ,nan     ,[]                 ,False                  ,nan                    ,nan        ,[]          ,nan                                       ,PSO_POP_100_ALPHA_0_5_BETA_0_4_NR_ITER_100                                                                                             ,"{'suffix': 'PSO_POP_100_ALPHA_0_5_BETA_0_4_NR_ITER_100', 'size_of_population': 100, 'alpha': 0.5, 'beta': 0.4, 'max_iterations': 100}",7.9                   ,7.9                   ,nan                   ,7.9                  ,0.07812190055847168                    ,nan                                         ,nan                                   ,nan                                        ,nan                                               ,nan                                                    ,nan
13             ,27                        ,TSP_CITIES_SET_27_N_13.json,CPU               ,particle_swarm_tsp,nan                   ,nan     ,[]                 ,False                  ,nan                    ,nan        ,[]          ,nan                                       ,PSO_POP_100_ALPHA_0_5_BETA_0_4_NR_ITER_100                                                                                             ,"{'suffix': 'PSO_POP_100_ALPHA_0_5_BETA_0_4_NR_ITER_100', 'size_of_population': 100, 'alpha': 0.5, 'beta': 0.4, 'max_iterations': 100}",8.9                   ,8.9                   ,nan                   ,8.9                  ,0.07816076278686523                    ,nan                                         ,nan                                   ,nan                                        ,nan                                               ,nan                                                    ,nan
13             ,28                        ,TSP_CITIES_SET_28_N_13.json,CPU               ,particle_swarm_tsp,nan                   ,nan     ,[]                 ,False                  ,nan                    ,nan        ,[]          ,nan                                       ,PSO_POP_100_ALPHA_0_5_BETA_0_4_NR_ITER_100                                                                                             ,"{'suffix': 'PSO_POP_100_ALPHA_0_5_BETA_0_4_NR_ITER_100', 'size_of_population': 100, 'alpha': 0.5, 'beta': 0.4, 'max_iterations': 100}",9.4                   ,9.4                   ,nan                   ,9.4                  ,0.0937490463256836                     ,nan                                         ,nan                                   ,nan                                        ,nan                                               ,nan                                                    ,nan
13             ,29                        ,TSP_CITIES_SET_29_N_13.json,CPU               ,particle_swarm_tsp,nan                   ,nan     ,[]                 ,False                  ,nan                    ,nan        ,[]          ,nan                                       ,PSO_POP_100_ALPHA_0_5_BETA_0_4_NR_ITER_100                                                                                             ,"{'suffix': 'PSO_POP_100_ALPHA_0_5_BETA_0_4_NR_ITER_100', 'size_of_population': 100, 'alpha': 0.5, 'beta': 0.4, 'max_iterations': 100}",10.9                  ,10.9                  ,nan                   ,10.9                 ,0.10941028594970703                    ,nan                                         ,nan                                   ,nan                                        ,nan                                               ,nan                                                    ,nan
13             ,30                        ,TSP_CITIES_SET_30_N_13.json,CPU               ,particle_swarm_tsp,nan                   ,nan     ,[]                 ,False                  ,nan                    ,nan        ,[]          ,nan                                       ,PSO_POP_100_ALPHA_0_5_BETA_0_4_NR_ITER_100                                                                                             ,"{'suffix': 'PSO_POP_100_ALPHA_0_5_BETA_0_4_NR_ITER_100', 'size_of_population': 100, 'alpha': 0.5, 'beta': 0.4, 'max_iterations': 100}",10.7                  ,10.7                  ,nan                   ,10.7                 ,0.09374094009399414                    ,nan                                         ,nan                                   ,nan                                        ,nan                                               ,nan                                                    ,nan
13             ,31                        ,TSP_CITIES_SET_31_N_13.json,CPU               ,particle_swarm_tsp,nan                   ,nan     ,[]                 ,False                  ,nan                    ,nan        ,[]          ,nan                                       ,PSO_POP_100_ALPHA_0_5_BETA_0_4_NR_ITER_100                                                                                             ,"{'suffix': 'PSO_POP_100_ALPHA_0_5_BETA_0_4_NR_ITER_100', 'size_of_population': 100, 'alpha': 0.5, 'beta': 0.4, 'max_iterations': 100}",12.5                  ,12.5                  ,nan                   ,12.5                 ,0.09380555152893066                    ,nan                                         ,nan                                   ,nan                                        ,nan                                               ,nan                                                    ,nan
13             ,32                        ,TSP_CITIES_SET_32_N_13.json,CPU               ,particle_swarm_tsp,nan                   ,nan     ,[]                 ,False                  ,nan                    ,nan        ,[]          ,nan                                       ,PSO_POP_100_ALPHA_0_5_BETA_0_4_NR_ITER_100                                                                                             ,"{'suffix': 'PSO_POP_100_ALPHA_0_5_BETA_0_4_NR_ITER_100', 'size_of_population': 100, 'alpha': 0.5, 'beta': 0.4, 'max_iterations': 100}",9.1                   ,9.1                   ,nan                   ,9.1                  ,0.07812094688415527                    ,nan                                         ,nan                                   ,nan                                        ,nan                                               ,nan                                                    ,nan
13             ,33                        ,TSP_CITIES_SET_33_N_13.json,CPU               ,particle_swarm_tsp,nan                   ,nan     ,[]                 ,False                  ,nan                    ,nan        ,[]          ,nan                                       ,PSO_POP_100_ALPHA_0_5_BETA_0_4_NR_ITER_100                                                                                             ,"{'suffix': 'PSO_POP_100_ALPHA_0_5_BETA_0_4_NR_ITER_100', 'size_of_population': 100, 'alpha': 0.5, 'beta': 0.4, 'max_iterations': 100}",10.7                  ,10.7                  ,nan                   ,10.7                 ,0.09374141693115234                    ,nan                                         ,nan                                   ,nan                                        ,nan                                               ,nan                                                    ,nan
13             ,34                        ,TSP_CITIES_SET_34_N_13.json,CPU               ,particle_swarm_tsp,nan                   ,nan     ,[]                 ,False                  ,nan                    ,nan        ,[]          ,nan                                       ,PSO_POP_100_ALPHA_0_5_BETA_0_4_NR_ITER_100                                                                                             ,"{'suffix': 'PSO_POP_100_ALPHA_0_5_BETA_0_4_NR_ITER_100', 'size_of_population': 100, 'alpha': 0.5, 'beta': 0.4, 'max_iterations': 100}",11.1                  ,11.1                  ,nan                   ,11.1                 ,0.09374880790710449                    ,nan                                         ,nan                                   ,nan                                        ,nan                                               ,nan                                                    ,nan
13             ,35                        ,TSP_CITIES_SET_35_N_13.json,CPU               ,particle_swarm_tsp,nan                   ,nan     ,[]                 ,False                  ,nan                    ,nan        ,[]          ,nan                                       ,PSO_POP_100_ALPHA_0_5_BETA_0_4_NR_ITER_100                                                                                             ,"{'suffix': 'PSO_POP_100_ALPHA_0_5_BETA_0_4_NR_ITER_100', 'size_of_population': 100, 'alpha': 0.5, 'beta': 0.4, 'max_iterations': 100}",10.0                  ,10.0                  ,nan                   ,10.0                 ,0.09374403953552246                    ,nan                                         ,nan                                   ,nan                                        ,nan                                               ,nan                                                    ,nan
13             ,36                        ,TSP_CITIES_SET_36_N_13.json,CPU               ,particle_swarm_tsp,nan                   ,nan     ,[]                 ,False                  ,nan                    ,nan        ,[]          ,nan                                       ,PSO_POP_100_ALPHA_0_5_BETA_0_4_NR_ITER_100                                                                                             ,"{'suffix': 'PSO_POP_100_ALPHA_0_5_BETA_0_4_NR_ITER_100', 'size_of_population': 100, 'alpha': 0.5, 'beta': 0.4, 'max_iterations': 100}",10.7                  ,10.7                  ,nan                   ,10.7                 ,0.09374761581420898                    ,nan                                         ,nan                                   ,nan                                        ,nan                                               ,nan                                                    ,nan
13             ,37                        ,TSP_CITIES_SET_37_N_13.json,CPU               ,particle_swarm_tsp,nan                   ,nan     ,[]                 ,False                  ,nan                    ,nan        ,[]          ,nan                                       ,PSO_POP_100_ALPHA_0_5_BETA_0_4_NR_ITER_100                                                                                             ,"{'suffix': 'PSO_POP_100_ALPHA_0_5_BETA_0_4_NR_ITER_100', 'size_of_population': 100, 'alpha': 0.5, 'beta': 0.4, 'max_iterations': 100}",10.7                  ,10.7                  ,nan                   ,10.7                 ,0.09378409385681152                    ,nan                                         ,nan                                   ,nan                                        ,nan                                               ,nan                                                    ,nan
13             ,38                        ,TSP_CITIES_SET_38_N_13.json,CPU               ,particle_swarm_tsp,nan                   ,nan     ,[]                 ,False                  ,nan                    ,nan        ,[]          ,nan                                       ,PSO_POP_100_ALPHA_0_5_BETA_0_4_NR_ITER_100                                                                                             ,"{'suffix': 'PSO_POP_100_ALPHA_0_5_BETA_0_4_NR_ITER_100', 'size_of_population': 100, 'alpha': 0.5, 'beta': 0.4, 'max_iterations': 100}",11.1                  ,11.1                  ,nan                   ,11.1                 ,0.09374666213989258                    ,nan                                         ,nan                                   ,nan                                        ,nan                                               ,nan                                                    ,nan
13             ,39                        ,TSP_CITIES_SET_39_N_13.json,CPU               ,particle_swarm_tsp,nan                   ,nan     ,[]                 ,False                  ,nan                    ,nan        ,[]          ,nan                                       ,PSO_POP_100_ALPHA_0_5_BETA_0_4_NR_ITER_100                                                                                             ,"{'suffix': 'PSO_POP_100_ALPHA_0_5_BETA_0_4_NR_ITER_100', 'size_of_population': 100, 'alpha': 0.5, 'beta': 0.4, 'max_iterations': 100}",25.0                  ,25.0                  ,nan                   ,25.0                 ,0.12499737739562988                    ,nan                                         ,nan                                   ,nan                                        ,nan                                               ,nan                                                    ,nan
13             ,40                        ,TSP_CITIES_SET_40_N_13.json,CPU               ,particle_swarm_tsp,nan                   ,nan     ,[]                 ,False                  ,nan                    ,nan        ,[]          ,nan                                       ,PSO_POP_100_ALPHA_0_5_BETA_0_4_NR_ITER_100                                                                                             ,"{'suffix': 'PSO_POP_100_ALPHA_0_5_BETA_0_4_NR_ITER_100', 'size_of_population': 100, 'alpha': 0.5, 'beta': 0.4, 'max_iterations': 100}",12.5                  ,12.5                  ,nan                   ,12.5                 ,0.07812285423278809                    ,nan                                         ,nan                                   ,nan                                        ,nan                                               ,nan                                                    ,nan
13             ,41                        ,TSP_CITIES_SET_41_N_13.json,CPU               ,particle_swarm_tsp,nan                   ,nan     ,[]                 ,False                  ,nan                    ,nan        ,[]          ,nan                                       ,PSO_POP_100_ALPHA_0_5_BETA_0_4_NR_ITER_100                                                                                             ,"{'suffix': 'PSO_POP_100_ALPHA_0_5_BETA_0_4_NR_ITER_100', 'size_of_population': 100, 'alpha': 0.5, 'beta': 0.4, 'max_iterations': 100}",9.4                   ,9.4                   ,nan                   ,9.4                  ,0.09374713897705078                    ,nan                                         ,nan                                   ,nan                                        ,nan                                               ,nan                                                    ,nan
13             ,42                        ,TSP_CITIES_SET_42_N_13.json,CPU               ,particle_swarm_tsp,nan                   ,nan     ,[]                 ,False                  ,nan                    ,nan        ,[]          ,nan                                       ,PSO_POP_100_ALPHA_0_5_BETA_0_4_NR_ITER_100                                                                                             ,"{'suffix': 'PSO_POP_100_ALPHA_0_5_BETA_0_4_NR_ITER_100', 'size_of_population': 100, 'alpha': 0.5, 'beta': 0.4, 'max_iterations': 100}",10.9                  ,10.9                  ,nan                   ,10.9                 ,0.09374690055847168                    ,nan                                         ,nan                                   ,nan                                        ,nan                                               ,nan                                                    ,nan
13             ,43                        ,TSP_CITIES_SET_43_N_13.json,CPU               ,particle_swarm_tsp,nan                   ,nan     ,[]                 ,False                  ,nan                    ,nan        ,[]          ,nan                                       ,PSO_POP_100_ALPHA_0_5_BETA_0_4_NR_ITER_100                                                                                             ,"{'suffix': 'PSO_POP_100_ALPHA_0_5_BETA_0_4_NR_ITER_100', 'size_of_population': 100, 'alpha': 0.5, 'beta': 0.4, 'max_iterations': 100}",12.7                  ,12.7                  ,nan                   ,12.7                 ,0.12499642372131348                    ,nan                                         ,nan                                   ,nan                                        ,nan                                               ,nan                                                    ,nan
13             ,44                        ,TSP_CITIES_SET_44_N_13.json,CPU               ,particle_swarm_tsp,nan                   ,nan     ,[]                 ,False                  ,nan                    ,nan        ,[]          ,nan                                       ,PSO_POP_100_ALPHA_0_5_BETA_0_4_NR_ITER_100                                                                                             ,"{'suffix': 'PSO_POP_100_ALPHA_0_5_BETA_0_4_NR_ITER_100', 'size_of_population': 100, 'alpha': 0.5, 'beta': 0.4, 'max_iterations': 100}",9.4                   ,9.4                   ,nan                   ,9.4                  ,0.09375143051147461                    ,nan                                         ,nan                                   ,nan                                        ,nan                                               ,nan                                                    ,nan
13             ,45                        ,TSP_CITIES_SET_45_N_13.json,CPU               ,particle_swarm_tsp,nan                   ,nan     ,[]                 ,False                  ,nan                    ,nan        ,[]          ,nan                                       ,PSO_POP_100_ALPHA_0_5_BETA_0_4_NR_ITER_100                                                                                             ,"{'suffix': 'PSO_POP_100_ALPHA_0_5_BETA_0_4_NR_ITER_100', 'size_of_population': 100, 'alpha': 0.5, 'beta': 0.4, 'max_iterations': 100}",10.9                  ,10.9                  ,nan                   ,10.9                 ,0.10934829711914062                    ,nan                                         ,nan                                   ,nan                                        ,nan                                               ,nan                                                    ,nan
13             ,46                        ,TSP_CITIES_SET_46_N_13.json,CPU               ,particle_swarm_tsp,nan                   ,nan     ,[]                 ,False                  ,nan                    ,nan        ,[]          ,nan                                       ,PSO_POP_100_ALPHA_0_5_BETA_0_4_NR_ITER_100                                                                                             ,"{'suffix': 'PSO_POP_100_ALPHA_0_5_BETA_0_4_NR_ITER_100', 'size_of_population': 100, 'alpha': 0.5, 'beta': 0.4, 'max_iterations': 100}",12.5                  ,12.5                  ,nan                   ,12.5                 ,0.07812142372131348                    ,nan                                         ,nan                                   ,nan                                        ,nan                                               ,nan                                                    ,nan
13             ,47                        ,TSP_CITIES_SET_47_N_13.json,CPU               ,particle_swarm_tsp,nan                   ,nan     ,[]                 ,False                  ,nan                    ,nan        ,[]          ,nan                                       ,PSO_POP_100_ALPHA_0_5_BETA_0_4_NR_ITER_100                                                                                             ,"{'suffix': 'PSO_POP_100_ALPHA_0_5_BETA_0_4_NR_ITER_100', 'size_of_population': 100, 'alpha': 0.5, 'beta': 0.4, 'max_iterations': 100}",8.3                   ,8.3                   ,nan                   ,8.3                  ,0.07812333106994629                    ,nan                                         ,nan                                   ,nan                                        ,nan                                               ,nan                                                    ,nan
13             ,48                        ,TSP_CITIES_SET_48_N_13.json,CPU               ,particle_swarm_tsp,nan                   ,nan     ,[]                 ,False                  ,nan                    ,nan        ,[]          ,nan                                       ,PSO_POP_100_ALPHA_0_5_BETA_0_4_NR_ITER_100                                                                                             ,"{'suffix': 'PSO_POP_100_ALPHA_0_5_BETA_0_4_NR_ITER_100', 'size_of_population': 100, 'alpha': 0.5, 'beta': 0.4, 'max_iterations': 100}",11.3                  ,11.3                  ,nan                   ,11.3                 ,0.09378337860107422                    ,nan                                         ,nan                                   ,nan                                        ,nan                                               ,nan                                                    ,nan
13             ,49                        ,TSP_CITIES_SET_49_N_13.json,CPU               ,particle_swarm_tsp,nan                   ,nan     ,[]                 ,False                  ,nan                    ,nan        ,[]          ,nan                                       ,PSO_POP_100_ALPHA_0_5_BETA_0_4_NR_ITER_100                                                                                             ,"{'suffix': 'PSO_POP_100_ALPHA_0_5_BETA_0_4_NR_ITER_100', 'size_of_population': 100, 'alpha': 0.5, 'beta': 0.4, 'max_iterations': 100}",10.9                  ,10.9                  ,nan                   ,10.9                 ,0.10937356948852539                    ,nan                                         ,nan                                   ,nan                                        ,nan                                               ,nan                                                    ,nan
13             ,50                        ,TSP_CITIES_SET_50_N_13.json,CPU               ,particle_swarm_tsp,nan                   ,nan     ,[]                 ,False                  ,nan                    ,nan        ,[]          ,nan                                       ,PSO_POP_100_ALPHA_0_5_BETA_0_4_NR_ITER_100                                                                                             ,"{'suffix': 'PSO_POP_100_ALPHA_0_5_BETA_0_4_NR_ITER_100', 'size_of_population': 100, 'alpha': 0.5, 'beta': 0.4, 'max_iterations': 100}",8.6                   ,8.6                   ,nan                   ,8.6                  ,0.07816267013549805                    ,nan                                         ,nan                                   ,nan                                        ,nan                                               ,nan                                                    ,nan
13             ,51                        ,TSP_CITIES_SET_51_N_13.json,CPU               ,particle_swarm_tsp,nan                   ,nan     ,[]                 ,False                  ,nan                    ,nan        ,[]          ,nan                                       ,PSO_POP_100_ALPHA_0_5_BETA_0_4_NR_ITER_100                                                                                             ,"{'suffix': 'PSO_POP_100_ALPHA_0_5_BETA_0_4_NR_ITER_100', 'size_of_population': 100, 'alpha': 0.5, 'beta': 0.4, 'max_iterations': 100}",9.1                   ,9.1                   ,nan                   ,9.1                  ,0.07811665534973145                    ,nan                                         ,nan                                   ,nan                                        ,nan                                               ,nan                                                    ,nan
13             ,52                        ,TSP_CITIES_SET_52_N_13.json,CPU               ,particle_swarm_tsp,nan                   ,nan     ,[]                 ,False                  ,nan                    ,nan        ,[]          ,nan                                       ,PSO_POP_100_ALPHA_0_5_BETA_0_4_NR_ITER_100                                                                                             ,"{'suffix': 'PSO_POP_100_ALPHA_0_5_BETA_0_4_NR_ITER_100', 'size_of_population': 100, 'alpha': 0.5, 'beta': 0.4, 'max_iterations': 100}",10.9                  ,10.9                  ,nan                   ,10.9                 ,0.0935211181640625                     ,nan                                         ,nan                                   ,nan                                        ,nan                                               ,nan                                                    ,nan
13             ,53                        ,TSP_CITIES_SET_53_N_13.json,CPU               ,particle_swarm_tsp,nan                   ,nan     ,[]                 ,False                  ,nan                    ,nan        ,[]          ,nan                                       ,PSO_POP_100_ALPHA_0_5_BETA_0_4_NR_ITER_100                                                                                             ,"{'suffix': 'PSO_POP_100_ALPHA_0_5_BETA_0_4_NR_ITER_100', 'size_of_population': 100, 'alpha': 0.5, 'beta': 0.4, 'max_iterations': 100}",9.8                   ,9.8                   ,nan                   ,9.8                  ,0.09374713897705078                    ,nan                                         ,nan                                   ,nan                                        ,nan                                               ,nan                                                    ,nan
13             ,54                        ,TSP_CITIES_SET_54_N_13.json,CPU               ,particle_swarm_tsp,nan                   ,nan     ,[]                 ,False                  ,nan                    ,nan        ,[]          ,nan                                       ,PSO_POP_100_ALPHA_0_5_BETA_0_4_NR_ITER_100                                                                                             ,"{'suffix': 'PSO_POP_100_ALPHA_0_5_BETA_0_4_NR_ITER_100', 'size_of_population': 100, 'alpha': 0.5, 'beta': 0.4, 'max_iterations': 100}",10.9                  ,10.9                  ,nan                   ,10.9                 ,0.09348297119140625                    ,nan                                         ,nan                                   ,nan                                        ,nan                                               ,nan                                                    ,nan
13             ,55                        ,TSP_CITIES_SET_55_N_13.json,CPU               ,particle_swarm_tsp,nan                   ,nan     ,[]                 ,False                  ,nan                    ,nan        ,[]          ,nan                                       ,PSO_POP_100_ALPHA_0_5_BETA_0_4_NR_ITER_100                                                                                             ,"{'suffix': 'PSO_POP_100_ALPHA_0_5_BETA_0_4_NR_ITER_100', 'size_of_population': 100, 'alpha': 0.5, 'beta': 0.4, 'max_iterations': 100}",10.3                  ,10.3                  ,nan                   ,10.3                 ,0.09373044967651367                    ,nan                                         ,nan                                   ,nan                                        ,nan                                               ,nan                                                    ,nan
13             ,56                        ,TSP_CITIES_SET_56_N_13.json,CPU               ,particle_swarm_tsp,nan                   ,nan     ,[]                 ,False                  ,nan                    ,nan        ,[]          ,nan                                       ,PSO_POP_100_ALPHA_0_5_BETA_0_4_NR_ITER_100                                                                                             ,"{'suffix': 'PSO_POP_100_ALPHA_0_5_BETA_0_4_NR_ITER_100', 'size_of_population': 100, 'alpha': 0.5, 'beta': 0.4, 'max_iterations': 100}",9.4                   ,9.4                   ,nan                   ,9.4                  ,0.09374833106994629                    ,nan                                         ,nan                                   ,nan                                        ,nan                                               ,nan                                                    ,nan
13             ,57                        ,TSP_CITIES_SET_57_N_13.json,CPU               ,particle_swarm_tsp,nan                   ,nan     ,[]                 ,False                  ,nan                    ,nan        ,[]          ,nan                                       ,PSO_POP_100_ALPHA_0_5_BETA_0_4_NR_ITER_100                                                                                             ,"{'suffix': 'PSO_POP_100_ALPHA_0_5_BETA_0_4_NR_ITER_100', 'size_of_population': 100, 'alpha': 0.5, 'beta': 0.4, 'max_iterations': 100}",9.3                   ,9.3                   ,nan                   ,9.3                  ,0.07812142372131348                    ,nan                                         ,nan                                   ,nan                                        ,nan                                               ,nan                                                    ,nan
13             ,58                        ,TSP_CITIES_SET_58_N_13.json,CPU               ,particle_swarm_tsp,nan                   ,nan     ,[]                 ,False                  ,nan                    ,nan        ,[]          ,nan                                       ,PSO_POP_100_ALPHA_0_5_BETA_0_4_NR_ITER_100                                                                                             ,"{'suffix': 'PSO_POP_100_ALPHA_0_5_BETA_0_4_NR_ITER_100', 'size_of_population': 100, 'alpha': 0.5, 'beta': 0.4, 'max_iterations': 100}",7.1                   ,7.1                   ,nan                   ,7.1                  ,0.06249690055847168                    ,nan                                         ,nan                                   ,nan                                        ,nan                                               ,nan                                                    ,nan
13             ,59                        ,TSP_CITIES_SET_59_N_13.json,CPU               ,particle_swarm_tsp,nan                   ,nan     ,[]                 ,False                  ,nan                    ,nan        ,[]          ,nan                                       ,PSO_POP_100_ALPHA_0_5_BETA_0_4_NR_ITER_100                                                                                             ,"{'suffix': 'PSO_POP_100_ALPHA_0_5_BETA_0_4_NR_ITER_100', 'size_of_population': 100, 'alpha': 0.5, 'beta': 0.4, 'max_iterations': 100}",12.5                  ,12.5                  ,nan                   ,12.5                 ,0.10939574241638184                    ,nan                                         ,nan                                   ,nan                                        ,nan                                               ,nan                                                    ,nan
13             ,60                        ,TSP_CITIES_SET_60_N_13.json,CPU               ,particle_swarm_tsp,nan                   ,nan     ,[]                 ,False                  ,nan                    ,nan        ,[]          ,nan                                       ,PSO_POP_100_ALPHA_0_5_BETA_0_4_NR_ITER_100                                                                                             ,"{'suffix': 'PSO_POP_100_ALPHA_0_5_BETA_0_4_NR_ITER_100', 'size_of_population': 100, 'alpha': 0.5, 'beta': 0.4, 'max_iterations': 100}",8.9                   ,8.9                   ,nan                   ,8.9                  ,0.07808351516723633                    ,nan                                         ,nan                                   ,nan                                        ,nan                                               ,nan                                                    ,nan
13             ,61                        ,TSP_CITIES_SET_61_N_13.json,CPU               ,particle_swarm_tsp,nan                   ,nan     ,[]                 ,False                  ,nan                    ,nan        ,[]          ,nan                                       ,PSO_POP_100_ALPHA_0_5_BETA_0_4_NR_ITER_100                                                                                             ,"{'suffix': 'PSO_POP_100_ALPHA_0_5_BETA_0_4_NR_ITER_100', 'size_of_population': 100, 'alpha': 0.5, 'beta': 0.4, 'max_iterations': 100}",10.9                  ,10.9                  ,nan                   ,10.9                 ,0.10940337181091309                    ,nan                                         ,nan                                   ,nan                                        ,nan                                               ,nan                                                    ,nan
13             ,62                        ,TSP_CITIES_SET_62_N_13.json,CPU               ,particle_swarm_tsp,nan                   ,nan     ,[]                 ,False                  ,nan                    ,nan        ,[]          ,nan                                       ,PSO_POP_100_ALPHA_0_5_BETA_0_4_NR_ITER_100                                                                                             ,"{'suffix': 'PSO_POP_100_ALPHA_0_5_BETA_0_4_NR_ITER_100', 'size_of_population': 100, 'alpha': 0.5, 'beta': 0.4, 'max_iterations': 100}",8.9                   ,8.9                   ,nan                   ,8.9                  ,0.07812261581420898                    ,nan                                         ,nan                                   ,nan                                        ,nan                                               ,nan                                                    ,nan
13             ,63                        ,TSP_CITIES_SET_63_N_13.json,CPU               ,particle_swarm_tsp,nan                   ,nan     ,[]                 ,False                  ,nan                    ,nan        ,[]          ,nan                                       ,PSO_POP_100_ALPHA_0_5_BETA_0_4_NR_ITER_100                                                                                             ,"{'suffix': 'PSO_POP_100_ALPHA_0_5_BETA_0_4_NR_ITER_100', 'size_of_population': 100, 'alpha': 0.5, 'beta': 0.4, 'max_iterations': 100}",10.2                  ,10.2                  ,nan                   ,10.2                 ,0.09374499320983887                    ,nan                                         ,nan                                   ,nan                                        ,nan                                               ,nan                                                    ,nan
13             ,64                        ,TSP_CITIES_SET_64_N_13.json,CPU               ,particle_swarm_tsp,nan                   ,nan     ,[]                 ,False                  ,nan                    ,nan        ,[]          ,nan                                       ,PSO_POP_100_ALPHA_0_5_BETA_0_4_NR_ITER_100                                                                                             ,"{'suffix': 'PSO_POP_100_ALPHA_0_5_BETA_0_4_NR_ITER_100', 'size_of_population': 100, 'alpha': 0.5, 'beta': 0.4, 'max_iterations': 100}",9.4                   ,9.4                   ,nan                   ,9.4                  ,0.07812213897705078                    ,nan                                         ,nan                                   ,nan                                        ,nan                                               ,nan                                                    ,nan
13             ,65                        ,TSP_CITIES_SET_65_N_13.json,CPU               ,particle_swarm_tsp,nan                   ,nan     ,[]                 ,False                  ,nan                    ,nan        ,[]          ,nan                                       ,PSO_POP_100_ALPHA_0_5_BETA_0_4_NR_ITER_100                                                                                             ,"{'suffix': 'PSO_POP_100_ALPHA_0_5_BETA_0_4_NR_ITER_100', 'size_of_population': 100, 'alpha': 0.5, 'beta': 0.4, 'max_iterations': 100}",26.6                  ,26.6                  ,nan                   ,26.6                 ,0.14063405990600586                    ,nan                                         ,nan                                   ,nan                                        ,nan                                               ,nan                                                    ,nan
13             ,66                        ,TSP_CITIES_SET_66_N_13.json,CPU               ,particle_swarm_tsp,nan                   ,nan     ,[]                 ,False                  ,nan                    ,nan        ,[]          ,nan                                       ,PSO_POP_100_ALPHA_0_5_BETA_0_4_NR_ITER_100                                                                                             ,"{'suffix': 'PSO_POP_100_ALPHA_0_5_BETA_0_4_NR_ITER_100', 'size_of_population': 100, 'alpha': 0.5, 'beta': 0.4, 'max_iterations': 100}",11.3                  ,11.3                  ,nan                   ,11.3                 ,0.09374666213989258                    ,nan                                         ,nan                                   ,nan                                        ,nan                                               ,nan                                                    ,nan
13             ,67                        ,TSP_CITIES_SET_67_N_13.json,CPU               ,particle_swarm_tsp,nan                   ,nan     ,[]                 ,False                  ,nan                    ,nan        ,[]          ,nan                                       ,PSO_POP_100_ALPHA_0_5_BETA_0_4_NR_ITER_100                                                                                             ,"{'suffix': 'PSO_POP_100_ALPHA_0_5_BETA_0_4_NR_ITER_100', 'size_of_population': 100, 'alpha': 0.5, 'beta': 0.4, 'max_iterations': 100}",11.3                  ,11.3                  ,nan                   ,11.3                 ,0.09374690055847168                    ,nan                                         ,nan                                   ,nan                                        ,nan                                               ,nan                                                    ,nan
13             ,68                        ,TSP_CITIES_SET_68_N_13.json,CPU               ,particle_swarm_tsp,nan                   ,nan     ,[]                 ,False                  ,nan                    ,nan        ,[]          ,nan                                       ,PSO_POP_100_ALPHA_0_5_BETA_0_4_NR_ITER_100                                                                                             ,"{'suffix': 'PSO_POP_100_ALPHA_0_5_BETA_0_4_NR_ITER_100', 'size_of_population': 100, 'alpha': 0.5, 'beta': 0.4, 'max_iterations': 100}",12.5                  ,12.5                  ,nan                   ,12.5                 ,0.09377765655517578                    ,nan                                         ,nan                                   ,nan                                        ,nan                                               ,nan                                                    ,nan
13             ,69                        ,TSP_CITIES_SET_69_N_13.json,CPU               ,particle_swarm_tsp,nan                   ,nan     ,[]                 ,False                  ,nan                    ,nan        ,[]          ,nan                                       ,PSO_POP_100_ALPHA_0_5_BETA_0_4_NR_ITER_100                                                                                             ,"{'suffix': 'PSO_POP_100_ALPHA_0_5_BETA_0_4_NR_ITER_100', 'size_of_population': 100, 'alpha': 0.5, 'beta': 0.4, 'max_iterations': 100}",11.3                  ,11.3                  ,nan                   ,11.3                 ,0.09476017951965332                    ,nan                                         ,nan                                   ,nan                                        ,nan                                               ,nan                                                    ,nan
13             ,70                        ,TSP_CITIES_SET_70_N_13.json,CPU               ,particle_swarm_tsp,nan                   ,nan     ,[]                 ,False                  ,nan                    ,nan        ,[]          ,nan                                       ,PSO_POP_100_ALPHA_0_5_BETA_0_4_NR_ITER_100                                                                                             ,"{'suffix': 'PSO_POP_100_ALPHA_0_5_BETA_0_4_NR_ITER_100', 'size_of_population': 100, 'alpha': 0.5, 'beta': 0.4, 'max_iterations': 100}",10.5                  ,10.5                  ,nan                   ,10.5                 ,0.09374618530273438                    ,nan                                         ,nan                                   ,nan                                        ,nan                                               ,nan                                                    ,nan
13             ,71                        ,TSP_CITIES_SET_71_N_13.json,CPU               ,particle_swarm_tsp,nan                   ,nan     ,[]                 ,False                  ,nan                    ,nan        ,[]          ,nan                                       ,PSO_POP_100_ALPHA_0_5_BETA_0_4_NR_ITER_100                                                                                             ,"{'suffix': 'PSO_POP_100_ALPHA_0_5_BETA_0_4_NR_ITER_100', 'size_of_population': 100, 'alpha': 0.5, 'beta': 0.4, 'max_iterations': 100}",7.8                   ,7.8                   ,nan                   ,7.8                  ,0.07812094688415527                    ,nan                                         ,nan                                   ,nan                                        ,nan                                               ,nan                                                    ,nan
13             ,72                        ,TSP_CITIES_SET_72_N_13.json,CPU               ,particle_swarm_tsp,nan                   ,nan     ,[]                 ,False                  ,nan                    ,nan        ,[]          ,nan                                       ,PSO_POP_100_ALPHA_0_5_BETA_0_4_NR_ITER_100                                                                                             ,"{'suffix': 'PSO_POP_100_ALPHA_0_5_BETA_0_4_NR_ITER_100', 'size_of_population': 100, 'alpha': 0.5, 'beta': 0.4, 'max_iterations': 100}",10.7                  ,10.7                  ,nan                   ,10.7                 ,0.09374690055847168                    ,nan                                         ,nan                                   ,nan                                        ,nan                                               ,nan                                                    ,nan
13             ,73                        ,TSP_CITIES_SET_73_N_13.json,CPU               ,particle_swarm_tsp,nan                   ,nan     ,[]                 ,False                  ,nan                    ,nan        ,[]          ,nan                                       ,PSO_POP_100_ALPHA_0_5_BETA_0_4_NR_ITER_100                                                                                             ,"{'suffix': 'PSO_POP_100_ALPHA_0_5_BETA_0_4_NR_ITER_100', 'size_of_population': 100, 'alpha': 0.5, 'beta': 0.4, 'max_iterations': 100}",12.7                  ,12.7                  ,nan                   ,12.7                 ,0.10937118530273438                    ,nan                                         ,nan                                   ,nan                                        ,nan                                               ,nan                                                    ,nan
13             ,74                        ,TSP_CITIES_SET_74_N_13.json,CPU               ,particle_swarm_tsp,nan                   ,nan     ,[]                 ,False                  ,nan                    ,nan        ,[]          ,nan                                       ,PSO_POP_100_ALPHA_0_5_BETA_0_4_NR_ITER_100                                                                                             ,"{'suffix': 'PSO_POP_100_ALPHA_0_5_BETA_0_4_NR_ITER_100', 'size_of_population': 100, 'alpha': 0.5, 'beta': 0.4, 'max_iterations': 100}",8.6                   ,8.6                   ,nan                   ,8.6                  ,0.07812237739562988                    ,nan                                         ,nan                                   ,nan                                        ,nan                                               ,nan                                                    ,nan
13             ,75                        ,TSP_CITIES_SET_75_N_13.json,CPU               ,particle_swarm_tsp,nan                   ,nan     ,[]                 ,False                  ,nan                    ,nan        ,[]          ,nan                                       ,PSO_POP_100_ALPHA_0_5_BETA_0_4_NR_ITER_100                                                                                             ,"{'suffix': 'PSO_POP_100_ALPHA_0_5_BETA_0_4_NR_ITER_100', 'size_of_population': 100, 'alpha': 0.5, 'beta': 0.4, 'max_iterations': 100}",9.4                   ,9.4                   ,nan                   ,9.4                  ,0.09374690055847168                    ,nan                                         ,nan                                   ,nan                                        ,nan                                               ,nan                                                    ,nan
13             ,76                        ,TSP_CITIES_SET_76_N_13.json,CPU               ,particle_swarm_tsp,nan                   ,nan     ,[]                 ,False                  ,nan                    ,nan        ,[]          ,nan                                       ,PSO_POP_100_ALPHA_0_5_BETA_0_4_NR_ITER_100                                                                                             ,"{'suffix': 'PSO_POP_100_ALPHA_0_5_BETA_0_4_NR_ITER_100', 'size_of_population': 100, 'alpha': 0.5, 'beta': 0.4, 'max_iterations': 100}",11.1                  ,11.1                  ,nan                   ,11.1                 ,0.09374690055847168                    ,nan                                         ,nan                                   ,nan                                        ,nan                                               ,nan                                                    ,nan
13             ,77                        ,TSP_CITIES_SET_77_N_13.json,CPU               ,particle_swarm_tsp,nan                   ,nan     ,[]                 ,False                  ,nan                    ,nan        ,[]          ,nan                                       ,PSO_POP_100_ALPHA_0_5_BETA_0_4_NR_ITER_100                                                                                             ,"{'suffix': 'PSO_POP_100_ALPHA_0_5_BETA_0_4_NR_ITER_100', 'size_of_population': 100, 'alpha': 0.5, 'beta': 0.4, 'max_iterations': 100}",12.5                  ,12.5                  ,nan                   ,12.5                 ,0.10026979446411133                    ,nan                                         ,nan                                   ,nan                                        ,nan                                               ,nan                                                    ,nan
13             ,78                        ,TSP_CITIES_SET_78_N_13.json,CPU               ,particle_swarm_tsp,nan                   ,nan     ,[]                 ,False                  ,nan                    ,nan        ,[]          ,nan                                       ,PSO_POP_100_ALPHA_0_5_BETA_0_4_NR_ITER_100                                                                                             ,"{'suffix': 'PSO_POP_100_ALPHA_0_5_BETA_0_4_NR_ITER_100', 'size_of_population': 100, 'alpha': 0.5, 'beta': 0.4, 'max_iterations': 100}",10.7                  ,10.7                  ,nan                   ,10.7                 ,0.08857059478759766                    ,nan                                         ,nan                                   ,nan                                        ,nan                                               ,nan                                                    ,nan
13             ,79                        ,TSP_CITIES_SET_79_N_13.json,CPU               ,particle_swarm_tsp,nan                   ,nan     ,[]                 ,False                  ,nan                    ,nan        ,[]          ,nan                                       ,PSO_POP_100_ALPHA_0_5_BETA_0_4_NR_ITER_100                                                                                             ,"{'suffix': 'PSO_POP_100_ALPHA_0_5_BETA_0_4_NR_ITER_100', 'size_of_population': 100, 'alpha': 0.5, 'beta': 0.4, 'max_iterations': 100}",8.9                   ,8.9                   ,nan                   ,8.9                  ,0.07812166213989258                    ,nan                                         ,nan                                   ,nan                                        ,nan                                               ,nan                                                    ,nan
13             ,80                        ,TSP_CITIES_SET_80_N_13.json,CPU               ,particle_swarm_tsp,nan                   ,nan     ,[]                 ,False                  ,nan                    ,nan        ,[]          ,nan                                       ,PSO_POP_100_ALPHA_0_5_BETA_0_4_NR_ITER_100                                                                                             ,"{'suffix': 'PSO_POP_100_ALPHA_0_5_BETA_0_4_NR_ITER_100', 'size_of_population': 100, 'alpha': 0.5, 'beta': 0.4, 'max_iterations': 100}",8.9                   ,8.9                   ,nan                   ,8.9                  ,0.0781242847442627                     ,nan                                         ,nan                                   ,nan                                        ,nan                                               ,nan                                                    ,nan
13             ,81                        ,TSP_CITIES_SET_81_N_13.json,CPU               ,particle_swarm_tsp,nan                   ,nan     ,[]                 ,False                  ,nan                    ,nan        ,[]          ,nan                                       ,PSO_POP_100_ALPHA_0_5_BETA_0_4_NR_ITER_100                                                                                             ,"{'suffix': 'PSO_POP_100_ALPHA_0_5_BETA_0_4_NR_ITER_100', 'size_of_population': 100, 'alpha': 0.5, 'beta': 0.4, 'max_iterations': 100}",8.9                   ,8.9                   ,nan                   ,8.9                  ,0.07812213897705078                    ,nan                                         ,nan                                   ,nan                                        ,nan                                               ,nan                                                    ,nan
13             ,82                        ,TSP_CITIES_SET_82_N_13.json,CPU               ,particle_swarm_tsp,nan                   ,nan     ,[]                 ,False                  ,nan                    ,nan        ,[]          ,nan                                       ,PSO_POP_100_ALPHA_0_5_BETA_0_4_NR_ITER_100                                                                                             ,"{'suffix': 'PSO_POP_100_ALPHA_0_5_BETA_0_4_NR_ITER_100', 'size_of_population': 100, 'alpha': 0.5, 'beta': 0.4, 'max_iterations': 100}",8.9                   ,8.9                   ,nan                   ,8.9                  ,0.07812190055847168                    ,nan                                         ,nan                                   ,nan                                        ,nan                                               ,nan                                                    ,nan
13             ,83                        ,TSP_CITIES_SET_83_N_13.json,CPU               ,particle_swarm_tsp,nan                   ,nan     ,[]                 ,False                  ,nan                    ,nan        ,[]          ,nan                                       ,PSO_POP_100_ALPHA_0_5_BETA_0_4_NR_ITER_100                                                                                             ,"{'suffix': 'PSO_POP_100_ALPHA_0_5_BETA_0_4_NR_ITER_100', 'size_of_population': 100, 'alpha': 0.5, 'beta': 0.4, 'max_iterations': 100}",9.4                   ,9.4                   ,nan                   ,9.4                  ,0.09374737739562988                    ,nan                                         ,nan                                   ,nan                                        ,nan                                               ,nan                                                    ,nan
13             ,84                        ,TSP_CITIES_SET_84_N_13.json,CPU               ,particle_swarm_tsp,nan                   ,nan     ,[]                 ,False                  ,nan                    ,nan        ,[]          ,nan                                       ,PSO_POP_100_ALPHA_0_5_BETA_0_4_NR_ITER_100                                                                                             ,"{'suffix': 'PSO_POP_100_ALPHA_0_5_BETA_0_4_NR_ITER_100', 'size_of_population': 100, 'alpha': 0.5, 'beta': 0.4, 'max_iterations': 100}",9.3                   ,9.3                   ,nan                   ,9.3                  ,0.07812070846557617                    ,nan                                         ,nan                                   ,nan                                        ,nan                                               ,nan                                                    ,nan
13             ,85                        ,TSP_CITIES_SET_85_N_13.json,CPU               ,particle_swarm_tsp,nan                   ,nan     ,[]                 ,False                  ,nan                    ,nan        ,[]          ,nan                                       ,PSO_POP_100_ALPHA_0_5_BETA_0_4_NR_ITER_100                                                                                             ,"{'suffix': 'PSO_POP_100_ALPHA_0_5_BETA_0_4_NR_ITER_100', 'size_of_population': 100, 'alpha': 0.5, 'beta': 0.4, 'max_iterations': 100}",23.2                  ,23.2                  ,nan                   ,23.2                 ,0.09374499320983887                    ,nan                                         ,nan                                   ,nan                                        ,nan                                               ,nan                                                    ,nan
13             ,86                        ,TSP_CITIES_SET_86_N_13.json,CPU               ,particle_swarm_tsp,nan                   ,nan     ,[]                 ,False                  ,nan                    ,nan        ,[]          ,nan                                       ,PSO_POP_100_ALPHA_0_5_BETA_0_4_NR_ITER_100                                                                                             ,"{'suffix': 'PSO_POP_100_ALPHA_0_5_BETA_0_4_NR_ITER_100', 'size_of_population': 100, 'alpha': 0.5, 'beta': 0.4, 'max_iterations': 100}",9.4                   ,9.4                   ,nan                   ,9.4                  ,0.09373283386230469                    ,nan                                         ,nan                                   ,nan                                        ,nan                                               ,nan                                                    ,nan
13             ,87                        ,TSP_CITIES_SET_87_N_13.json,CPU               ,particle_swarm_tsp,nan                   ,nan     ,[]                 ,False                  ,nan                    ,nan        ,[]          ,nan                                       ,PSO_POP_100_ALPHA_0_5_BETA_0_4_NR_ITER_100                                                                                             ,"{'suffix': 'PSO_POP_100_ALPHA_0_5_BETA_0_4_NR_ITER_100', 'size_of_population': 100, 'alpha': 0.5, 'beta': 0.4, 'max_iterations': 100}",9.1                   ,9.1                   ,nan                   ,9.1                  ,0.07812166213989258                    ,nan                                         ,nan                                   ,nan                                        ,nan                                               ,nan                                                    ,nan
13             ,88                        ,TSP_CITIES_SET_88_N_13.json,CPU               ,particle_swarm_tsp,nan                   ,nan     ,[]                 ,False                  ,nan                    ,nan        ,[]          ,nan                                       ,PSO_POP_100_ALPHA_0_5_BETA_0_4_NR_ITER_100                                                                                             ,"{'suffix': 'PSO_POP_100_ALPHA_0_5_BETA_0_4_NR_ITER_100', 'size_of_population': 100, 'alpha': 0.5, 'beta': 0.4, 'max_iterations': 100}",10.9                  ,10.9                  ,nan                   ,10.9                 ,0.10936093330383301                    ,nan                                         ,nan                                   ,nan                                        ,nan                                               ,nan                                                    ,nan
13             ,89                        ,TSP_CITIES_SET_89_N_13.json,CPU               ,particle_swarm_tsp,nan                   ,nan     ,[]                 ,False                  ,nan                    ,nan        ,[]          ,nan                                       ,PSO_POP_100_ALPHA_0_5_BETA_0_4_NR_ITER_100                                                                                             ,"{'suffix': 'PSO_POP_100_ALPHA_0_5_BETA_0_4_NR_ITER_100', 'size_of_population': 100, 'alpha': 0.5, 'beta': 0.4, 'max_iterations': 100}",8.9                   ,8.9                   ,nan                   ,8.9                  ,0.07812166213989258                    ,nan                                         ,nan                                   ,nan                                        ,nan                                               ,nan                                                    ,nan
13             ,90                        ,TSP_CITIES_SET_90_N_13.json,CPU               ,particle_swarm_tsp,nan                   ,nan     ,[]                 ,False                  ,nan                    ,nan        ,[]          ,nan                                       ,PSO_POP_100_ALPHA_0_5_BETA_0_4_NR_ITER_100                                                                                             ,"{'suffix': 'PSO_POP_100_ALPHA_0_5_BETA_0_4_NR_ITER_100', 'size_of_population': 100, 'alpha': 0.5, 'beta': 0.4, 'max_iterations': 100}",11.1                  ,11.1                  ,nan                   ,11.1                 ,0.09374547004699707                    ,nan                                         ,nan                                   ,nan                                        ,nan                                               ,nan                                                    ,nan
13             ,91                        ,TSP_CITIES_SET_91_N_13.json,CPU               ,particle_swarm_tsp,nan                   ,nan     ,[]                 ,False                  ,nan                    ,nan        ,[]          ,nan                                       ,PSO_POP_100_ALPHA_0_5_BETA_0_4_NR_ITER_100                                                                                             ,"{'suffix': 'PSO_POP_100_ALPHA_0_5_BETA_0_4_NR_ITER_100', 'size_of_population': 100, 'alpha': 0.5, 'beta': 0.4, 'max_iterations': 100}",11.1                  ,11.1                  ,nan                   ,11.1                 ,0.09378361701965332                    ,nan                                         ,nan                                   ,nan                                        ,nan                                               ,nan                                                    ,nan
13             ,92                        ,TSP_CITIES_SET_92_N_13.json,CPU               ,particle_swarm_tsp,nan                   ,nan     ,[]                 ,False                  ,nan                    ,nan        ,[]          ,nan                                       ,PSO_POP_100_ALPHA_0_5_BETA_0_4_NR_ITER_100                                                                                             ,"{'suffix': 'PSO_POP_100_ALPHA_0_5_BETA_0_4_NR_ITER_100', 'size_of_population': 100, 'alpha': 0.5, 'beta': 0.4, 'max_iterations': 100}",9.4                   ,9.4                   ,nan                   ,9.4                  ,0.09374785423278809                    ,nan                                         ,nan                                   ,nan                                        ,nan                                               ,nan                                                    ,nan
13             ,93                        ,TSP_CITIES_SET_93_N_13.json,CPU               ,particle_swarm_tsp,nan                   ,nan     ,[]                 ,False                  ,nan                    ,nan        ,[]          ,nan                                       ,PSO_POP_100_ALPHA_0_5_BETA_0_4_NR_ITER_100                                                                                             ,"{'suffix': 'PSO_POP_100_ALPHA_0_5_BETA_0_4_NR_ITER_100', 'size_of_population': 100, 'alpha': 0.5, 'beta': 0.4, 'max_iterations': 100}",8.9                   ,8.9                   ,nan                   ,8.9                  ,0.07812261581420898                    ,nan                                         ,nan                                   ,nan                                        ,nan                                               ,nan                                                    ,nan
13             ,94                        ,TSP_CITIES_SET_94_N_13.json,CPU               ,particle_swarm_tsp,nan                   ,nan     ,[]                 ,False                  ,nan                    ,nan        ,[]          ,nan                                       ,PSO_POP_100_ALPHA_0_5_BETA_0_4_NR_ITER_100                                                                                             ,"{'suffix': 'PSO_POP_100_ALPHA_0_5_BETA_0_4_NR_ITER_100', 'size_of_population': 100, 'alpha': 0.5, 'beta': 0.4, 'max_iterations': 100}",9.4                   ,9.4                   ,nan                   ,9.4                  ,0.07812380790710449                    ,nan                                         ,nan                                   ,nan                                        ,nan                                               ,nan                                                    ,nan
13             ,95                        ,TSP_CITIES_SET_95_N_13.json,CPU               ,particle_swarm_tsp,nan                   ,nan     ,[]                 ,False                  ,nan                    ,nan        ,[]          ,nan                                       ,PSO_POP_100_ALPHA_0_5_BETA_0_4_NR_ITER_100                                                                                             ,"{'suffix': 'PSO_POP_100_ALPHA_0_5_BETA_0_4_NR_ITER_100', 'size_of_population': 100, 'alpha': 0.5, 'beta': 0.4, 'max_iterations': 100}",10.7                  ,10.7                  ,nan                   ,10.7                 ,0.09374809265136719                    ,nan                                         ,nan                                   ,nan                                        ,nan                                               ,nan                                                    ,nan
13             ,96                        ,TSP_CITIES_SET_96_N_13.json,CPU               ,particle_swarm_tsp,nan                   ,nan     ,[]                 ,False                  ,nan                    ,nan        ,[]          ,nan                                       ,PSO_POP_100_ALPHA_0_5_BETA_0_4_NR_ITER_100                                                                                             ,"{'suffix': 'PSO_POP_100_ALPHA_0_5_BETA_0_4_NR_ITER_100', 'size_of_population': 100, 'alpha': 0.5, 'beta': 0.4, 'max_iterations': 100}",10.2                  ,10.2                  ,nan                   ,10.2                 ,0.0937490463256836                     ,nan                                         ,nan                                   ,nan                                        ,nan                                               ,nan                                                    ,nan
13             ,97                        ,TSP_CITIES_SET_97_N_13.json,CPU               ,particle_swarm_tsp,nan                   ,nan     ,[]                 ,False                  ,nan                    ,nan        ,[]          ,nan                                       ,PSO_POP_100_ALPHA_0_5_BETA_0_4_NR_ITER_100                                                                                             ,"{'suffix': 'PSO_POP_100_ALPHA_0_5_BETA_0_4_NR_ITER_100', 'size_of_population': 100, 'alpha': 0.5, 'beta': 0.4, 'max_iterations': 100}",9.4                   ,9.4                   ,nan                   ,9.4                  ,0.0937490463256836                     ,nan                                         ,nan                                   ,nan                                        ,nan                                               ,nan                                                    ,nan
13             ,98                        ,TSP_CITIES_SET_98_N_13.json,CPU               ,particle_swarm_tsp,nan                   ,nan     ,[]                 ,False                  ,nan                    ,nan        ,[]          ,nan                                       ,PSO_POP_100_ALPHA_0_5_BETA_0_4_NR_ITER_100                                                                                             ,"{'suffix': 'PSO_POP_100_ALPHA_0_5_BETA_0_4_NR_ITER_100', 'size_of_population': 100, 'alpha': 0.5, 'beta': 0.4, 'max_iterations': 100}",11.1                  ,11.1                  ,nan                   ,11.1                 ,0.09374809265136719                    ,nan                                         ,nan                                   ,nan                                        ,nan                                               ,nan                                                    ,nan
13             ,99                        ,TSP_CITIES_SET_99_N_13.json,CPU               ,particle_swarm_tsp,nan                   ,nan     ,[]                 ,False                  ,nan                    ,nan        ,[]          ,nan                                       ,PSO_POP_100_ALPHA_0_5_BETA_0_4_NR_ITER_100                                                                                             ,"{'suffix': 'PSO_POP_100_ALPHA_0_5_BETA_0_4_NR_ITER_100', 'size_of_population': 100, 'alpha': 0.5, 'beta': 0.4, 'max_iterations': 100}",8.9                   ,8.9                   ,nan                   ,8.9                  ,0.07812380790710449                    ,nan                                         ,nan                                   ,nan                                        ,nan                                               ,nan                                                    ,nan
14             ,0                         ,TSP_CITIES_SET_0_N_14.json ,CPU               ,particle_swarm_tsp,nan                   ,nan     ,[]                 ,False                  ,nan                    ,nan        ,[]          ,nan                                       ,PSO_POP_100_ALPHA_0_5_BETA_0_4_NR_ITER_100                                                                                             ,"{'suffix': 'PSO_POP_100_ALPHA_0_5_BETA_0_4_NR_ITER_100', 'size_of_population': 100, 'alpha': 0.5, 'beta': 0.4, 'max_iterations': 100}",9.3                   ,9.3                   ,nan                   ,9.3                  ,0.07812309265136719                    ,nan                                         ,nan                                   ,nan                                        ,nan                                               ,nan                                                    ,nan
14             ,1                         ,TSP_CITIES_SET_1_N_14.json ,CPU               ,particle_swarm_tsp,nan                   ,nan     ,[]                 ,False                  ,nan                    ,nan        ,[]          ,nan                                       ,PSO_POP_100_ALPHA_0_5_BETA_0_4_NR_ITER_100                                                                                             ,"{'suffix': 'PSO_POP_100_ALPHA_0_5_BETA_0_4_NR_ITER_100', 'size_of_population': 100, 'alpha': 0.5, 'beta': 0.4, 'max_iterations': 100}",12.9                  ,12.9                  ,nan                   ,12.9                 ,0.10937333106994629                    ,nan                                         ,nan                                   ,nan                                        ,nan                                               ,nan                                                    ,nan
14             ,2                         ,TSP_CITIES_SET_2_N_14.json ,CPU               ,particle_swarm_tsp,nan                   ,nan     ,[]                 ,False                  ,nan                    ,nan        ,[]          ,nan                                       ,PSO_POP_100_ALPHA_0_5_BETA_0_4_NR_ITER_100                                                                                             ,"{'suffix': 'PSO_POP_100_ALPHA_0_5_BETA_0_4_NR_ITER_100', 'size_of_population': 100, 'alpha': 0.5, 'beta': 0.4, 'max_iterations': 100}",8.8                   ,8.8                   ,nan                   ,8.8                  ,0.07812309265136719                    ,nan                                         ,nan                                   ,nan                                        ,nan                                               ,nan                                                    ,nan
14             ,3                         ,TSP_CITIES_SET_3_N_14.json ,CPU               ,particle_swarm_tsp,nan                   ,nan     ,[]                 ,False                  ,nan                    ,nan        ,[]          ,nan                                       ,PSO_POP_100_ALPHA_0_5_BETA_0_4_NR_ITER_100                                                                                             ,"{'suffix': 'PSO_POP_100_ALPHA_0_5_BETA_0_4_NR_ITER_100', 'size_of_population': 100, 'alpha': 0.5, 'beta': 0.4, 'max_iterations': 100}",12.3                  ,12.3                  ,nan                   ,12.3                 ,0.1718752384185791                     ,nan                                         ,nan                                   ,nan                                        ,nan                                               ,nan                                                    ,nan
14             ,4                         ,TSP_CITIES_SET_4_N_14.json ,CPU               ,particle_swarm_tsp,nan                   ,nan     ,[]                 ,False                  ,nan                    ,nan        ,[]          ,nan                                       ,PSO_POP_100_ALPHA_0_5_BETA_0_4_NR_ITER_100                                                                                             ,"{'suffix': 'PSO_POP_100_ALPHA_0_5_BETA_0_4_NR_ITER_100', 'size_of_population': 100, 'alpha': 0.5, 'beta': 0.4, 'max_iterations': 100}",12.7                  ,12.7                  ,nan                   ,12.7                 ,0.0937490463256836                     ,nan                                         ,nan                                   ,nan                                        ,nan                                               ,nan                                                    ,nan
14             ,5                         ,TSP_CITIES_SET_5_N_14.json ,CPU               ,particle_swarm_tsp,nan                   ,nan     ,[]                 ,False                  ,nan                    ,nan        ,[]          ,nan                                       ,PSO_POP_100_ALPHA_0_5_BETA_0_4_NR_ITER_100                                                                                             ,"{'suffix': 'PSO_POP_100_ALPHA_0_5_BETA_0_4_NR_ITER_100', 'size_of_population': 100, 'alpha': 0.5, 'beta': 0.4, 'max_iterations': 100}",18.3                  ,18.3                  ,nan                   ,18.3                 ,0.1562519073486328                     ,nan                                         ,nan                                   ,nan                                        ,nan                                               ,nan                                                    ,nan
14             ,6                         ,TSP_CITIES_SET_6_N_14.json ,CPU               ,particle_swarm_tsp,nan                   ,nan     ,[]                 ,False                  ,nan                    ,nan        ,[]          ,nan                                       ,PSO_POP_100_ALPHA_0_5_BETA_0_4_NR_ITER_100                                                                                             ,"{'suffix': 'PSO_POP_100_ALPHA_0_5_BETA_0_4_NR_ITER_100', 'size_of_population': 100, 'alpha': 0.5, 'beta': 0.4, 'max_iterations': 100}",14.8                  ,14.8                  ,nan                   ,14.8                 ,0.1093752384185791                     ,nan                                         ,nan                                   ,nan                                        ,nan                                               ,nan                                                    ,nan
14             ,7                         ,TSP_CITIES_SET_7_N_14.json ,CPU               ,particle_swarm_tsp,nan                   ,nan     ,[]                 ,False                  ,nan                    ,nan        ,[]          ,nan                                       ,PSO_POP_100_ALPHA_0_5_BETA_0_4_NR_ITER_100                                                                                             ,"{'suffix': 'PSO_POP_100_ALPHA_0_5_BETA_0_4_NR_ITER_100', 'size_of_population': 100, 'alpha': 0.5, 'beta': 0.4, 'max_iterations': 100}",25.0                  ,25.0                  ,nan                   ,25.0                 ,0.10941076278686523                    ,nan                                         ,nan                                   ,nan                                        ,nan                                               ,nan                                                    ,nan
14             ,8                         ,TSP_CITIES_SET_8_N_14.json ,CPU               ,particle_swarm_tsp,nan                   ,nan     ,[]                 ,False                  ,nan                    ,nan        ,[]          ,nan                                       ,PSO_POP_100_ALPHA_0_5_BETA_0_4_NR_ITER_100                                                                                             ,"{'suffix': 'PSO_POP_100_ALPHA_0_5_BETA_0_4_NR_ITER_100', 'size_of_population': 100, 'alpha': 0.5, 'beta': 0.4, 'max_iterations': 100}",26.4                  ,26.4                  ,nan                   ,26.4                 ,0.09374570846557617                    ,nan                                         ,nan                                   ,nan                                        ,nan                                               ,nan                                                    ,nan
14             ,9                         ,TSP_CITIES_SET_9_N_14.json ,CPU               ,particle_swarm_tsp,nan                   ,nan     ,[]                 ,False                  ,nan                    ,nan        ,[]          ,nan                                       ,PSO_POP_100_ALPHA_0_5_BETA_0_4_NR_ITER_100                                                                                             ,"{'suffix': 'PSO_POP_100_ALPHA_0_5_BETA_0_4_NR_ITER_100', 'size_of_population': 100, 'alpha': 0.5, 'beta': 0.4, 'max_iterations': 100}",25.0                  ,25.0                  ,nan                   ,25.0                 ,0.12357807159423828                    ,nan                                         ,nan                                   ,nan                                        ,nan                                               ,nan                                                    ,nan
14             ,10                        ,TSP_CITIES_SET_10_N_14.json,CPU               ,particle_swarm_tsp,nan                   ,nan     ,[]                 ,False                  ,nan                    ,nan        ,[]          ,nan                                       ,PSO_POP_100_ALPHA_0_5_BETA_0_4_NR_ITER_100                                                                                             ,"{'suffix': 'PSO_POP_100_ALPHA_0_5_BETA_0_4_NR_ITER_100', 'size_of_population': 100, 'alpha': 0.5, 'beta': 0.4, 'max_iterations': 100}",10.7                  ,10.7                  ,nan                   ,10.7                 ,0.0937492847442627                     ,nan                                         ,nan                                   ,nan                                        ,nan                                               ,nan                                                    ,nan
14             ,11                        ,TSP_CITIES_SET_11_N_14.json,CPU               ,particle_swarm_tsp,nan                   ,nan     ,[]                 ,False                  ,nan                    ,nan        ,[]          ,nan                                       ,PSO_POP_100_ALPHA_0_5_BETA_0_4_NR_ITER_100                                                                                             ,"{'suffix': 'PSO_POP_100_ALPHA_0_5_BETA_0_4_NR_ITER_100', 'size_of_population': 100, 'alpha': 0.5, 'beta': 0.4, 'max_iterations': 100}",11.3                  ,11.3                  ,nan                   ,11.3                 ,0.1093740463256836                     ,nan                                         ,nan                                   ,nan                                        ,nan                                               ,nan                                                    ,nan
14             ,12                        ,TSP_CITIES_SET_12_N_14.json,CPU               ,particle_swarm_tsp,nan                   ,nan     ,[]                 ,False                  ,nan                    ,nan        ,[]          ,nan                                       ,PSO_POP_100_ALPHA_0_5_BETA_0_4_NR_ITER_100                                                                                             ,"{'suffix': 'PSO_POP_100_ALPHA_0_5_BETA_0_4_NR_ITER_100', 'size_of_population': 100, 'alpha': 0.5, 'beta': 0.4, 'max_iterations': 100}",10.4                  ,10.4                  ,nan                   ,10.4                 ,0.10937190055847168                    ,nan                                         ,nan                                   ,nan                                        ,nan                                               ,nan                                                    ,nan
14             ,13                        ,TSP_CITIES_SET_13_N_14.json,CPU               ,particle_swarm_tsp,nan                   ,nan     ,[]                 ,False                  ,nan                    ,nan        ,[]          ,nan                                       ,PSO_POP_100_ALPHA_0_5_BETA_0_4_NR_ITER_100                                                                                             ,"{'suffix': 'PSO_POP_100_ALPHA_0_5_BETA_0_4_NR_ITER_100', 'size_of_population': 100, 'alpha': 0.5, 'beta': 0.4, 'max_iterations': 100}",12.9                  ,12.9                  ,nan                   ,12.9                 ,0.1093742847442627                     ,nan                                         ,nan                                   ,nan                                        ,nan                                               ,nan                                                    ,nan
14             ,14                        ,TSP_CITIES_SET_14_N_14.json,CPU               ,particle_swarm_tsp,nan                   ,nan     ,[]                 ,False                  ,nan                    ,nan        ,[]          ,nan                                       ,PSO_POP_100_ALPHA_0_5_BETA_0_4_NR_ITER_100                                                                                             ,"{'suffix': 'PSO_POP_100_ALPHA_0_5_BETA_0_4_NR_ITER_100', 'size_of_population': 100, 'alpha': 0.5, 'beta': 0.4, 'max_iterations': 100}",12.5                  ,12.5                  ,nan                   ,12.5                 ,0.1406264305114746                     ,nan                                         ,nan                                   ,nan                                        ,nan                                               ,nan                                                    ,nan
14             ,15                        ,TSP_CITIES_SET_15_N_14.json,CPU               ,particle_swarm_tsp,nan                   ,nan     ,[]                 ,False                  ,nan                    ,nan        ,[]          ,nan                                       ,PSO_POP_100_ALPHA_0_5_BETA_0_4_NR_ITER_100                                                                                             ,"{'suffix': 'PSO_POP_100_ALPHA_0_5_BETA_0_4_NR_ITER_100', 'size_of_population': 100, 'alpha': 0.5, 'beta': 0.4, 'max_iterations': 100}",10.5                  ,10.5                  ,nan                   ,10.5                 ,0.09374856948852539                    ,nan                                         ,nan                                   ,nan                                        ,nan                                               ,nan                                                    ,nan
14             ,16                        ,TSP_CITIES_SET_16_N_14.json,CPU               ,particle_swarm_tsp,nan                   ,nan     ,[]                 ,False                  ,nan                    ,nan        ,[]          ,nan                                       ,PSO_POP_100_ALPHA_0_5_BETA_0_4_NR_ITER_100                                                                                             ,"{'suffix': 'PSO_POP_100_ALPHA_0_5_BETA_0_4_NR_ITER_100', 'size_of_population': 100, 'alpha': 0.5, 'beta': 0.4, 'max_iterations': 100}",9.4                   ,9.4                   ,nan                   ,9.4                  ,0.09374094009399414                    ,nan                                         ,nan                                   ,nan                                        ,nan                                               ,nan                                                    ,nan
14             ,17                        ,TSP_CITIES_SET_17_N_14.json,CPU               ,particle_swarm_tsp,nan                   ,nan     ,[]                 ,False                  ,nan                    ,nan        ,[]          ,nan                                       ,PSO_POP_100_ALPHA_0_5_BETA_0_4_NR_ITER_100                                                                                             ,"{'suffix': 'PSO_POP_100_ALPHA_0_5_BETA_0_4_NR_ITER_100', 'size_of_population': 100, 'alpha': 0.5, 'beta': 0.4, 'max_iterations': 100}",12.7                  ,12.7                  ,nan                   ,12.7                 ,0.09374785423278809                    ,nan                                         ,nan                                   ,nan                                        ,nan                                               ,nan                                                    ,nan
14             ,18                        ,TSP_CITIES_SET_18_N_14.json,CPU               ,particle_swarm_tsp,nan                   ,nan     ,[]                 ,False                  ,nan                    ,nan        ,[]          ,nan                                       ,PSO_POP_100_ALPHA_0_5_BETA_0_4_NR_ITER_100                                                                                             ,"{'suffix': 'PSO_POP_100_ALPHA_0_5_BETA_0_4_NR_ITER_100', 'size_of_population': 100, 'alpha': 0.5, 'beta': 0.4, 'max_iterations': 100}",10.3                  ,10.3                  ,nan                   ,10.3                 ,0.09374761581420898                    ,nan                                         ,nan                                   ,nan                                        ,nan                                               ,nan                                                    ,nan
14             ,19                        ,TSP_CITIES_SET_19_N_14.json,CPU               ,particle_swarm_tsp,nan                   ,nan     ,[]                 ,False                  ,nan                    ,nan        ,[]          ,nan                                       ,PSO_POP_100_ALPHA_0_5_BETA_0_4_NR_ITER_100                                                                                             ,"{'suffix': 'PSO_POP_100_ALPHA_0_5_BETA_0_4_NR_ITER_100', 'size_of_population': 100, 'alpha': 0.5, 'beta': 0.4, 'max_iterations': 100}",9.6                   ,9.6                   ,nan                   ,9.6                  ,0.07812380790710449                    ,nan                                         ,nan                                   ,nan                                        ,nan                                               ,nan                                                    ,nan
14             ,20                        ,TSP_CITIES_SET_20_N_14.json,CPU               ,particle_swarm_tsp,nan                   ,nan     ,[]                 ,False                  ,nan                    ,nan        ,[]          ,nan                                       ,PSO_POP_100_ALPHA_0_5_BETA_0_4_NR_ITER_100                                                                                             ,"{'suffix': 'PSO_POP_100_ALPHA_0_5_BETA_0_4_NR_ITER_100', 'size_of_population': 100, 'alpha': 0.5, 'beta': 0.4, 'max_iterations': 100}",10.9                  ,10.9                  ,nan                   ,10.9                 ,0.10937356948852539                    ,nan                                         ,nan                                   ,nan                                        ,nan                                               ,nan                                                    ,nan
14             ,21                        ,TSP_CITIES_SET_21_N_14.json,CPU               ,particle_swarm_tsp,nan                   ,nan     ,[]                 ,False                  ,nan                    ,nan        ,[]          ,nan                                       ,PSO_POP_100_ALPHA_0_5_BETA_0_4_NR_ITER_100                                                                                             ,"{'suffix': 'PSO_POP_100_ALPHA_0_5_BETA_0_4_NR_ITER_100', 'size_of_population': 100, 'alpha': 0.5, 'beta': 0.4, 'max_iterations': 100}",9.7                   ,9.7                   ,nan                   ,9.7                  ,0.09373259544372559                    ,nan                                         ,nan                                   ,nan                                        ,nan                                               ,nan                                                    ,nan
14             ,22                        ,TSP_CITIES_SET_22_N_14.json,CPU               ,particle_swarm_tsp,nan                   ,nan     ,[]                 ,False                  ,nan                    ,nan        ,[]          ,nan                                       ,PSO_POP_100_ALPHA_0_5_BETA_0_4_NR_ITER_100                                                                                             ,"{'suffix': 'PSO_POP_100_ALPHA_0_5_BETA_0_4_NR_ITER_100', 'size_of_population': 100, 'alpha': 0.5, 'beta': 0.4, 'max_iterations': 100}",25.0                  ,25.0                  ,nan                   ,25.0                 ,0.24999403953552246                    ,nan                                         ,nan                                   ,nan                                        ,nan                                               ,nan                                                    ,nan
14             ,23                        ,TSP_CITIES_SET_23_N_14.json,CPU               ,particle_swarm_tsp,nan                   ,nan     ,[]                 ,False                  ,nan                    ,nan        ,[]          ,nan                                       ,PSO_POP_100_ALPHA_0_5_BETA_0_4_NR_ITER_100                                                                                             ,"{'suffix': 'PSO_POP_100_ALPHA_0_5_BETA_0_4_NR_ITER_100', 'size_of_population': 100, 'alpha': 0.5, 'beta': 0.4, 'max_iterations': 100}",10.9                  ,10.9                  ,nan                   ,10.9                 ,0.10937285423278809                    ,nan                                         ,nan                                   ,nan                                        ,nan                                               ,nan                                                    ,nan
14             ,24                        ,TSP_CITIES_SET_24_N_14.json,CPU               ,particle_swarm_tsp,nan                   ,nan     ,[]                 ,False                  ,nan                    ,nan        ,[]          ,nan                                       ,PSO_POP_100_ALPHA_0_5_BETA_0_4_NR_ITER_100                                                                                             ,"{'suffix': 'PSO_POP_100_ALPHA_0_5_BETA_0_4_NR_ITER_100', 'size_of_population': 100, 'alpha': 0.5, 'beta': 0.4, 'max_iterations': 100}",11.9                  ,11.9                  ,nan                   ,11.9                 ,0.10937356948852539                    ,nan                                         ,nan                                   ,nan                                        ,nan                                               ,nan                                                    ,nan
14             ,25                        ,TSP_CITIES_SET_25_N_14.json,CPU               ,particle_swarm_tsp,nan                   ,nan     ,[]                 ,False                  ,nan                    ,nan        ,[]          ,nan                                       ,PSO_POP_100_ALPHA_0_5_BETA_0_4_NR_ITER_100                                                                                             ,"{'suffix': 'PSO_POP_100_ALPHA_0_5_BETA_0_4_NR_ITER_100', 'size_of_population': 100, 'alpha': 0.5, 'beta': 0.4, 'max_iterations': 100}",12.9                  ,12.9                  ,nan                   ,12.9                 ,0.09373307228088379                    ,nan                                         ,nan                                   ,nan                                        ,nan                                               ,nan                                                    ,nan
14             ,26                        ,TSP_CITIES_SET_26_N_14.json,CPU               ,particle_swarm_tsp,nan                   ,nan     ,[]                 ,False                  ,nan                    ,nan        ,[]          ,nan                                       ,PSO_POP_100_ALPHA_0_5_BETA_0_4_NR_ITER_100                                                                                             ,"{'suffix': 'PSO_POP_100_ALPHA_0_5_BETA_0_4_NR_ITER_100', 'size_of_population': 100, 'alpha': 0.5, 'beta': 0.4, 'max_iterations': 100}",9.1                   ,9.1                   ,nan                   ,9.1                  ,0.07812333106994629                    ,nan                                         ,nan                                   ,nan                                        ,nan                                               ,nan                                                    ,nan
14             ,27                        ,TSP_CITIES_SET_27_N_14.json,CPU               ,particle_swarm_tsp,nan                   ,nan     ,[]                 ,False                  ,nan                    ,nan        ,[]          ,nan                                       ,PSO_POP_100_ALPHA_0_5_BETA_0_4_NR_ITER_100                                                                                             ,"{'suffix': 'PSO_POP_100_ALPHA_0_5_BETA_0_4_NR_ITER_100', 'size_of_population': 100, 'alpha': 0.5, 'beta': 0.4, 'max_iterations': 100}",10.7                  ,10.7                  ,nan                   ,10.7                 ,0.0937490463256836                     ,nan                                         ,nan                                   ,nan                                        ,nan                                               ,nan                                                    ,nan
14             ,28                        ,TSP_CITIES_SET_28_N_14.json,CPU               ,particle_swarm_tsp,nan                   ,nan     ,[]                 ,False                  ,nan                    ,nan        ,[]          ,nan                                       ,PSO_POP_100_ALPHA_0_5_BETA_0_4_NR_ITER_100                                                                                             ,"{'suffix': 'PSO_POP_100_ALPHA_0_5_BETA_0_4_NR_ITER_100', 'size_of_population': 100, 'alpha': 0.5, 'beta': 0.4, 'max_iterations': 100}",10.7                  ,10.7                  ,nan                   ,10.7                 ,0.09374856948852539                    ,nan                                         ,nan                                   ,nan                                        ,nan                                               ,nan                                                    ,nan
14             ,29                        ,TSP_CITIES_SET_29_N_14.json,CPU               ,particle_swarm_tsp,nan                   ,nan     ,[]                 ,False                  ,nan                    ,nan        ,[]          ,nan                                       ,PSO_POP_100_ALPHA_0_5_BETA_0_4_NR_ITER_100                                                                                             ,"{'suffix': 'PSO_POP_100_ALPHA_0_5_BETA_0_4_NR_ITER_100', 'size_of_population': 100, 'alpha': 0.5, 'beta': 0.4, 'max_iterations': 100}",10.9                  ,10.9                  ,nan                   ,10.9                 ,0.09374856948852539                    ,nan                                         ,nan                                   ,nan                                        ,nan                                               ,nan                                                    ,nan
14             ,30                        ,TSP_CITIES_SET_30_N_14.json,CPU               ,particle_swarm_tsp,nan                   ,nan     ,[]                 ,False                  ,nan                    ,nan        ,[]          ,nan                                       ,PSO_POP_100_ALPHA_0_5_BETA_0_4_NR_ITER_100                                                                                             ,"{'suffix': 'PSO_POP_100_ALPHA_0_5_BETA_0_4_NR_ITER_100', 'size_of_population': 100, 'alpha': 0.5, 'beta': 0.4, 'max_iterations': 100}",10.9                  ,10.9                  ,nan                   ,10.9                 ,0.10937333106994629                    ,nan                                         ,nan                                   ,nan                                        ,nan                                               ,nan                                                    ,nan
14             ,31                        ,TSP_CITIES_SET_31_N_14.json,CPU               ,particle_swarm_tsp,nan                   ,nan     ,[]                 ,False                  ,nan                    ,nan        ,[]          ,nan                                       ,PSO_POP_100_ALPHA_0_5_BETA_0_4_NR_ITER_100                                                                                             ,"{'suffix': 'PSO_POP_100_ALPHA_0_5_BETA_0_4_NR_ITER_100', 'size_of_population': 100, 'alpha': 0.5, 'beta': 0.4, 'max_iterations': 100}",35.9                  ,35.9                  ,nan                   ,35.9                 ,0.12500214576721191                    ,nan                                         ,nan                                   ,nan                                        ,nan                                               ,nan                                                    ,nan
14             ,32                        ,TSP_CITIES_SET_32_N_14.json,CPU               ,particle_swarm_tsp,nan                   ,nan     ,[]                 ,False                  ,nan                    ,nan        ,[]          ,nan                                       ,PSO_POP_100_ALPHA_0_5_BETA_0_4_NR_ITER_100                                                                                             ,"{'suffix': 'PSO_POP_100_ALPHA_0_5_BETA_0_4_NR_ITER_100', 'size_of_population': 100, 'alpha': 0.5, 'beta': 0.4, 'max_iterations': 100}",11.1                  ,11.1                  ,nan                   ,11.1                 ,0.0937495231628418                     ,nan                                         ,nan                                   ,nan                                        ,nan                                               ,nan                                                    ,nan
14             ,33                        ,TSP_CITIES_SET_33_N_14.json,CPU               ,particle_swarm_tsp,nan                   ,nan     ,[]                 ,False                  ,nan                    ,nan        ,[]          ,nan                                       ,PSO_POP_100_ALPHA_0_5_BETA_0_4_NR_ITER_100                                                                                             ,"{'suffix': 'PSO_POP_100_ALPHA_0_5_BETA_0_4_NR_ITER_100', 'size_of_population': 100, 'alpha': 0.5, 'beta': 0.4, 'max_iterations': 100}",11.1                  ,11.1                  ,nan                   ,11.1                 ,0.09374856948852539                    ,nan                                         ,nan                                   ,nan                                        ,nan                                               ,nan                                                    ,nan
14             ,34                        ,TSP_CITIES_SET_34_N_14.json,CPU               ,particle_swarm_tsp,nan                   ,nan     ,[]                 ,False                  ,nan                    ,nan        ,[]          ,nan                                       ,PSO_POP_100_ALPHA_0_5_BETA_0_4_NR_ITER_100                                                                                             ,"{'suffix': 'PSO_POP_100_ALPHA_0_5_BETA_0_4_NR_ITER_100', 'size_of_population': 100, 'alpha': 0.5, 'beta': 0.4, 'max_iterations': 100}",12.5                  ,12.5                  ,nan                   ,12.5                 ,0.10933446884155273                    ,nan                                         ,nan                                   ,nan                                        ,nan                                               ,nan                                                    ,nan
14             ,35                        ,TSP_CITIES_SET_35_N_14.json,CPU               ,particle_swarm_tsp,nan                   ,nan     ,[]                 ,False                  ,nan                    ,nan        ,[]          ,nan                                       ,PSO_POP_100_ALPHA_0_5_BETA_0_4_NR_ITER_100                                                                                             ,"{'suffix': 'PSO_POP_100_ALPHA_0_5_BETA_0_4_NR_ITER_100', 'size_of_population': 100, 'alpha': 0.5, 'beta': 0.4, 'max_iterations': 100}",10.7                  ,10.7                  ,nan                   ,10.7                 ,0.09374785423278809                    ,nan                                         ,nan                                   ,nan                                        ,nan                                               ,nan                                                    ,nan
14             ,36                        ,TSP_CITIES_SET_36_N_14.json,CPU               ,particle_swarm_tsp,nan                   ,nan     ,[]                 ,False                  ,nan                    ,nan        ,[]          ,nan                                       ,PSO_POP_100_ALPHA_0_5_BETA_0_4_NR_ITER_100                                                                                             ,"{'suffix': 'PSO_POP_100_ALPHA_0_5_BETA_0_4_NR_ITER_100', 'size_of_population': 100, 'alpha': 0.5, 'beta': 0.4, 'max_iterations': 100}",12.5                  ,12.5                  ,nan                   ,12.5                 ,0.10937309265136719                    ,nan                                         ,nan                                   ,nan                                        ,nan                                               ,nan                                                    ,nan
14             ,37                        ,TSP_CITIES_SET_37_N_14.json,CPU               ,particle_swarm_tsp,nan                   ,nan     ,[]                 ,False                  ,nan                    ,nan        ,[]          ,nan                                       ,PSO_POP_100_ALPHA_0_5_BETA_0_4_NR_ITER_100                                                                                             ,"{'suffix': 'PSO_POP_100_ALPHA_0_5_BETA_0_4_NR_ITER_100', 'size_of_population': 100, 'alpha': 0.5, 'beta': 0.4, 'max_iterations': 100}",8.9                   ,8.9                   ,nan                   ,8.9                  ,0.07812285423278809                    ,nan                                         ,nan                                   ,nan                                        ,nan                                               ,nan                                                    ,nan
14             ,38                        ,TSP_CITIES_SET_38_N_14.json,CPU               ,particle_swarm_tsp,nan                   ,nan     ,[]                 ,False                  ,nan                    ,nan        ,[]          ,nan                                       ,PSO_POP_100_ALPHA_0_5_BETA_0_4_NR_ITER_100                                                                                             ,"{'suffix': 'PSO_POP_100_ALPHA_0_5_BETA_0_4_NR_ITER_100', 'size_of_population': 100, 'alpha': 0.5, 'beta': 0.4, 'max_iterations': 100}",9.4                   ,9.4                   ,nan                   ,9.4                  ,0.09374856948852539                    ,nan                                         ,nan                                   ,nan                                        ,nan                                               ,nan                                                    ,nan
14             ,39                        ,TSP_CITIES_SET_39_N_14.json,CPU               ,particle_swarm_tsp,nan                   ,nan     ,[]                 ,False                  ,nan                    ,nan        ,[]          ,nan                                       ,PSO_POP_100_ALPHA_0_5_BETA_0_4_NR_ITER_100                                                                                             ,"{'suffix': 'PSO_POP_100_ALPHA_0_5_BETA_0_4_NR_ITER_100', 'size_of_population': 100, 'alpha': 0.5, 'beta': 0.4, 'max_iterations': 100}",9.5                   ,9.5                   ,nan                   ,9.5                  ,0.09374833106994629                    ,nan                                         ,nan                                   ,nan                                        ,nan                                               ,nan                                                    ,nan
14             ,40                        ,TSP_CITIES_SET_40_N_14.json,CPU               ,particle_swarm_tsp,nan                   ,nan     ,[]                 ,False                  ,nan                    ,nan        ,[]          ,nan                                       ,PSO_POP_100_ALPHA_0_5_BETA_0_4_NR_ITER_100                                                                                             ,"{'suffix': 'PSO_POP_100_ALPHA_0_5_BETA_0_4_NR_ITER_100', 'size_of_population': 100, 'alpha': 0.5, 'beta': 0.4, 'max_iterations': 100}",11.1                  ,11.1                  ,nan                   ,11.1                 ,0.1093745231628418                     ,nan                                         ,nan                                   ,nan                                        ,nan                                               ,nan                                                    ,nan
14             ,41                        ,TSP_CITIES_SET_41_N_14.json,CPU               ,particle_swarm_tsp,nan                   ,nan     ,[]                 ,False                  ,nan                    ,nan        ,[]          ,nan                                       ,PSO_POP_100_ALPHA_0_5_BETA_0_4_NR_ITER_100                                                                                             ,"{'suffix': 'PSO_POP_100_ALPHA_0_5_BETA_0_4_NR_ITER_100', 'size_of_population': 100, 'alpha': 0.5, 'beta': 0.4, 'max_iterations': 100}",10.7                  ,10.7                  ,nan                   ,10.7                 ,0.09378695487976074                    ,nan                                         ,nan                                   ,nan                                        ,nan                                               ,nan                                                    ,nan
14             ,42                        ,TSP_CITIES_SET_42_N_14.json,CPU               ,particle_swarm_tsp,nan                   ,nan     ,[]                 ,False                  ,nan                    ,nan        ,[]          ,nan                                       ,PSO_POP_100_ALPHA_0_5_BETA_0_4_NR_ITER_100                                                                                             ,"{'suffix': 'PSO_POP_100_ALPHA_0_5_BETA_0_4_NR_ITER_100', 'size_of_population': 100, 'alpha': 0.5, 'beta': 0.4, 'max_iterations': 100}",12.5                  ,12.5                  ,nan                   ,12.5                 ,0.10937333106994629                    ,nan                                         ,nan                                   ,nan                                        ,nan                                               ,nan                                                    ,nan
14             ,43                        ,TSP_CITIES_SET_43_N_14.json,CPU               ,particle_swarm_tsp,nan                   ,nan     ,[]                 ,False                  ,nan                    ,nan        ,[]          ,nan                                       ,PSO_POP_100_ALPHA_0_5_BETA_0_4_NR_ITER_100                                                                                             ,"{'suffix': 'PSO_POP_100_ALPHA_0_5_BETA_0_4_NR_ITER_100', 'size_of_population': 100, 'alpha': 0.5, 'beta': 0.4, 'max_iterations': 100}",12.5                  ,12.5                  ,nan                   ,12.5                 ,0.10937333106994629                    ,nan                                         ,nan                                   ,nan                                        ,nan                                               ,nan                                                    ,nan
14             ,44                        ,TSP_CITIES_SET_44_N_14.json,CPU               ,particle_swarm_tsp,nan                   ,nan     ,[]                 ,False                  ,nan                    ,nan        ,[]          ,nan                                       ,PSO_POP_100_ALPHA_0_5_BETA_0_4_NR_ITER_100                                                                                             ,"{'suffix': 'PSO_POP_100_ALPHA_0_5_BETA_0_4_NR_ITER_100', 'size_of_population': 100, 'alpha': 0.5, 'beta': 0.4, 'max_iterations': 100}",14.5                  ,14.5                  ,nan                   ,14.5                 ,0.10941314697265625                    ,nan                                         ,nan                                   ,nan                                        ,nan                                               ,nan                                                    ,nan
14             ,45                        ,TSP_CITIES_SET_45_N_14.json,CPU               ,particle_swarm_tsp,nan                   ,nan     ,[]                 ,False                  ,nan                    ,nan        ,[]          ,nan                                       ,PSO_POP_100_ALPHA_0_5_BETA_0_4_NR_ITER_100                                                                                             ,"{'suffix': 'PSO_POP_100_ALPHA_0_5_BETA_0_4_NR_ITER_100', 'size_of_population': 100, 'alpha': 0.5, 'beta': 0.4, 'max_iterations': 100}",12.5                  ,12.5                  ,nan                   ,12.5                 ,0.12503933906555176                    ,nan                                         ,nan                                   ,nan                                        ,nan                                               ,nan                                                    ,nan
14             ,46                        ,TSP_CITIES_SET_46_N_14.json,CPU               ,particle_swarm_tsp,nan                   ,nan     ,[]                 ,False                  ,nan                    ,nan        ,[]          ,nan                                       ,PSO_POP_100_ALPHA_0_5_BETA_0_4_NR_ITER_100                                                                                             ,"{'suffix': 'PSO_POP_100_ALPHA_0_5_BETA_0_4_NR_ITER_100', 'size_of_population': 100, 'alpha': 0.5, 'beta': 0.4, 'max_iterations': 100}",12.5                  ,12.5                  ,nan                   ,12.5                 ,0.09374761581420898                    ,nan                                         ,nan                                   ,nan                                        ,nan                                               ,nan                                                    ,nan
14             ,47                        ,TSP_CITIES_SET_47_N_14.json,CPU               ,particle_swarm_tsp,nan                   ,nan     ,[]                 ,False                  ,nan                    ,nan        ,[]          ,nan                                       ,PSO_POP_100_ALPHA_0_5_BETA_0_4_NR_ITER_100                                                                                             ,"{'suffix': 'PSO_POP_100_ALPHA_0_5_BETA_0_4_NR_ITER_100', 'size_of_population': 100, 'alpha': 0.5, 'beta': 0.4, 'max_iterations': 100}",23.1                  ,23.1                  ,nan                   ,23.1                 ,0.14317917823791504                    ,nan                                         ,nan                                   ,nan                                        ,nan                                               ,nan                                                    ,nan
14             ,48                        ,TSP_CITIES_SET_48_N_14.json,CPU               ,particle_swarm_tsp,nan                   ,nan     ,[]                 ,False                  ,nan                    ,nan        ,[]          ,nan                                       ,PSO_POP_100_ALPHA_0_5_BETA_0_4_NR_ITER_100                                                                                             ,"{'suffix': 'PSO_POP_100_ALPHA_0_5_BETA_0_4_NR_ITER_100', 'size_of_population': 100, 'alpha': 0.5, 'beta': 0.4, 'max_iterations': 100}",10.7                  ,10.7                  ,nan                   ,10.7                 ,0.09374785423278809                    ,nan                                         ,nan                                   ,nan                                        ,nan                                               ,nan                                                    ,nan
14             ,49                        ,TSP_CITIES_SET_49_N_14.json,CPU               ,particle_swarm_tsp,nan                   ,nan     ,[]                 ,False                  ,nan                    ,nan        ,[]          ,nan                                       ,PSO_POP_100_ALPHA_0_5_BETA_0_4_NR_ITER_100                                                                                             ,"{'suffix': 'PSO_POP_100_ALPHA_0_5_BETA_0_4_NR_ITER_100', 'size_of_population': 100, 'alpha': 0.5, 'beta': 0.4, 'max_iterations': 100}",13.2                  ,13.2                  ,nan                   ,13.2                 ,0.1093740463256836                     ,nan                                         ,nan                                   ,nan                                        ,nan                                               ,nan                                                    ,nan
14             ,50                        ,TSP_CITIES_SET_50_N_14.json,CPU               ,particle_swarm_tsp,nan                   ,nan     ,[]                 ,False                  ,nan                    ,nan        ,[]          ,nan                                       ,PSO_POP_100_ALPHA_0_5_BETA_0_4_NR_ITER_100                                                                                             ,"{'suffix': 'PSO_POP_100_ALPHA_0_5_BETA_0_4_NR_ITER_100', 'size_of_population': 100, 'alpha': 0.5, 'beta': 0.4, 'max_iterations': 100}",12.5                  ,12.5                  ,nan                   ,12.5                 ,0.09374880790710449                    ,nan                                         ,nan                                   ,nan                                        ,nan                                               ,nan                                                    ,nan
14             ,51                        ,TSP_CITIES_SET_51_N_14.json,CPU               ,particle_swarm_tsp,nan                   ,nan     ,[]                 ,False                  ,nan                    ,nan        ,[]          ,nan                                       ,PSO_POP_100_ALPHA_0_5_BETA_0_4_NR_ITER_100                                                                                             ,"{'suffix': 'PSO_POP_100_ALPHA_0_5_BETA_0_4_NR_ITER_100', 'size_of_population': 100, 'alpha': 0.5, 'beta': 0.4, 'max_iterations': 100}",14.5                  ,14.5                  ,nan                   ,14.5                 ,0.09374809265136719                    ,nan                                         ,nan                                   ,nan                                        ,nan                                               ,nan                                                    ,nan
14             ,52                        ,TSP_CITIES_SET_52_N_14.json,CPU               ,particle_swarm_tsp,nan                   ,nan     ,[]                 ,False                  ,nan                    ,nan        ,[]          ,nan                                       ,PSO_POP_100_ALPHA_0_5_BETA_0_4_NR_ITER_100                                                                                             ,"{'suffix': 'PSO_POP_100_ALPHA_0_5_BETA_0_4_NR_ITER_100', 'size_of_population': 100, 'alpha': 0.5, 'beta': 0.4, 'max_iterations': 100}",10.7                  ,10.7                  ,nan                   ,10.7                 ,0.09374785423278809                    ,nan                                         ,nan                                   ,nan                                        ,nan                                               ,nan                                                    ,nan
14             ,53                        ,TSP_CITIES_SET_53_N_14.json,CPU               ,particle_swarm_tsp,nan                   ,nan     ,[]                 ,False                  ,nan                    ,nan        ,[]          ,nan                                       ,PSO_POP_100_ALPHA_0_5_BETA_0_4_NR_ITER_100                                                                                             ,"{'suffix': 'PSO_POP_100_ALPHA_0_5_BETA_0_4_NR_ITER_100', 'size_of_population': 100, 'alpha': 0.5, 'beta': 0.4, 'max_iterations': 100}",11.1                  ,11.1                  ,nan                   ,11.1                 ,0.09374856948852539                    ,nan                                         ,nan                                   ,nan                                        ,nan                                               ,nan                                                    ,nan
14             ,54                        ,TSP_CITIES_SET_54_N_14.json,CPU               ,particle_swarm_tsp,nan                   ,nan     ,[]                 ,False                  ,nan                    ,nan        ,[]          ,nan                                       ,PSO_POP_100_ALPHA_0_5_BETA_0_4_NR_ITER_100                                                                                             ,"{'suffix': 'PSO_POP_100_ALPHA_0_5_BETA_0_4_NR_ITER_100', 'size_of_population': 100, 'alpha': 0.5, 'beta': 0.4, 'max_iterations': 100}",14.3                  ,14.3                  ,nan                   ,14.3                 ,0.12504863739013672                    ,nan                                         ,nan                                   ,nan                                        ,nan                                               ,nan                                                    ,nan
14             ,55                        ,TSP_CITIES_SET_55_N_14.json,CPU               ,particle_swarm_tsp,nan                   ,nan     ,[]                 ,False                  ,nan                    ,nan        ,[]          ,nan                                       ,PSO_POP_100_ALPHA_0_5_BETA_0_4_NR_ITER_100                                                                                             ,"{'suffix': 'PSO_POP_100_ALPHA_0_5_BETA_0_4_NR_ITER_100', 'size_of_population': 100, 'alpha': 0.5, 'beta': 0.4, 'max_iterations': 100}",15.4                  ,15.4                  ,nan                   ,15.4                 ,0.12498140335083008                    ,nan                                         ,nan                                   ,nan                                        ,nan                                               ,nan                                                    ,nan
14             ,56                        ,TSP_CITIES_SET_56_N_14.json,CPU               ,particle_swarm_tsp,nan                   ,nan     ,[]                 ,False                  ,nan                    ,nan        ,[]          ,nan                                       ,PSO_POP_100_ALPHA_0_5_BETA_0_4_NR_ITER_100                                                                                             ,"{'suffix': 'PSO_POP_100_ALPHA_0_5_BETA_0_4_NR_ITER_100', 'size_of_population': 100, 'alpha': 0.5, 'beta': 0.4, 'max_iterations': 100}",14.3                  ,14.3                  ,nan                   ,14.3                 ,0.1050872802734375                     ,nan                                         ,nan                                   ,nan                                        ,nan                                               ,nan                                                    ,nan
14             ,57                        ,TSP_CITIES_SET_57_N_14.json,CPU               ,particle_swarm_tsp,nan                   ,nan     ,[]                 ,False                  ,nan                    ,nan        ,[]          ,nan                                       ,PSO_POP_100_ALPHA_0_5_BETA_0_4_NR_ITER_100                                                                                             ,"{'suffix': 'PSO_POP_100_ALPHA_0_5_BETA_0_4_NR_ITER_100', 'size_of_population': 100, 'alpha': 0.5, 'beta': 0.4, 'max_iterations': 100}",13.8                  ,13.8                  ,nan                   ,13.8                 ,0.10937356948852539                    ,nan                                         ,nan                                   ,nan                                        ,nan                                               ,nan                                                    ,nan
14             ,58                        ,TSP_CITIES_SET_58_N_14.json,CPU               ,particle_swarm_tsp,nan                   ,nan     ,[]                 ,False                  ,nan                    ,nan        ,[]          ,nan                                       ,PSO_POP_100_ALPHA_0_5_BETA_0_4_NR_ITER_100                                                                                             ,"{'suffix': 'PSO_POP_100_ALPHA_0_5_BETA_0_4_NR_ITER_100', 'size_of_population': 100, 'alpha': 0.5, 'beta': 0.4, 'max_iterations': 100}",10.2                  ,10.2                  ,nan                   ,10.2                 ,0.09374856948852539                    ,nan                                         ,nan                                   ,nan                                        ,nan                                               ,nan                                                    ,nan
14             ,59                        ,TSP_CITIES_SET_59_N_14.json,CPU               ,particle_swarm_tsp,nan                   ,nan     ,[]                 ,False                  ,nan                    ,nan        ,[]          ,nan                                       ,PSO_POP_100_ALPHA_0_5_BETA_0_4_NR_ITER_100                                                                                             ,"{'suffix': 'PSO_POP_100_ALPHA_0_5_BETA_0_4_NR_ITER_100', 'size_of_population': 100, 'alpha': 0.5, 'beta': 0.4, 'max_iterations': 100}",10.7                  ,10.7                  ,nan                   ,10.7                 ,0.09374809265136719                    ,nan                                         ,nan                                   ,nan                                        ,nan                                               ,nan                                                    ,nan
14             ,60                        ,TSP_CITIES_SET_60_N_14.json,CPU               ,particle_swarm_tsp,nan                   ,nan     ,[]                 ,False                  ,nan                    ,nan        ,[]          ,nan                                       ,PSO_POP_100_ALPHA_0_5_BETA_0_4_NR_ITER_100                                                                                             ,"{'suffix': 'PSO_POP_100_ALPHA_0_5_BETA_0_4_NR_ITER_100', 'size_of_population': 100, 'alpha': 0.5, 'beta': 0.4, 'max_iterations': 100}",8.9                   ,8.9                   ,nan                   ,8.9                  ,0.07813787460327148                    ,nan                                         ,nan                                   ,nan                                        ,nan                                               ,nan                                                    ,nan
14             ,61                        ,TSP_CITIES_SET_61_N_14.json,CPU               ,particle_swarm_tsp,nan                   ,nan     ,[]                 ,False                  ,nan                    ,nan        ,[]          ,nan                                       ,PSO_POP_100_ALPHA_0_5_BETA_0_4_NR_ITER_100                                                                                             ,"{'suffix': 'PSO_POP_100_ALPHA_0_5_BETA_0_4_NR_ITER_100', 'size_of_population': 100, 'alpha': 0.5, 'beta': 0.4, 'max_iterations': 100}",9.4                   ,9.4                   ,nan                   ,9.4                  ,0.09374880790710449                    ,nan                                         ,nan                                   ,nan                                        ,nan                                               ,nan                                                    ,nan
14             ,62                        ,TSP_CITIES_SET_62_N_14.json,CPU               ,particle_swarm_tsp,nan                   ,nan     ,[]                 ,False                  ,nan                    ,nan        ,[]          ,nan                                       ,PSO_POP_100_ALPHA_0_5_BETA_0_4_NR_ITER_100                                                                                             ,"{'suffix': 'PSO_POP_100_ALPHA_0_5_BETA_0_4_NR_ITER_100', 'size_of_population': 100, 'alpha': 0.5, 'beta': 0.4, 'max_iterations': 100}",10.7                  ,10.7                  ,nan                   ,10.7                 ,0.09374833106994629                    ,nan                                         ,nan                                   ,nan                                        ,nan                                               ,nan                                                    ,nan
14             ,63                        ,TSP_CITIES_SET_63_N_14.json,CPU               ,particle_swarm_tsp,nan                   ,nan     ,[]                 ,False                  ,nan                    ,nan        ,[]          ,nan                                       ,PSO_POP_100_ALPHA_0_5_BETA_0_4_NR_ITER_100                                                                                             ,"{'suffix': 'PSO_POP_100_ALPHA_0_5_BETA_0_4_NR_ITER_100', 'size_of_population': 100, 'alpha': 0.5, 'beta': 0.4, 'max_iterations': 100}",11.1                  ,11.1                  ,nan                   ,11.1                 ,0.09374856948852539                    ,nan                                         ,nan                                   ,nan                                        ,nan                                               ,nan                                                    ,nan
14             ,64                        ,TSP_CITIES_SET_64_N_14.json,CPU               ,particle_swarm_tsp,nan                   ,nan     ,[]                 ,False                  ,nan                    ,nan        ,[]          ,nan                                       ,PSO_POP_100_ALPHA_0_5_BETA_0_4_NR_ITER_100                                                                                             ,"{'suffix': 'PSO_POP_100_ALPHA_0_5_BETA_0_4_NR_ITER_100', 'size_of_population': 100, 'alpha': 0.5, 'beta': 0.4, 'max_iterations': 100}",25.4                  ,25.4                  ,nan                   ,25.4                 ,0.1093902587890625                     ,nan                                         ,nan                                   ,nan                                        ,nan                                               ,nan                                                    ,nan
14             ,65                        ,TSP_CITIES_SET_65_N_14.json,CPU               ,particle_swarm_tsp,nan                   ,nan     ,[]                 ,False                  ,nan                    ,nan        ,[]          ,nan                                       ,PSO_POP_100_ALPHA_0_5_BETA_0_4_NR_ITER_100                                                                                             ,"{'suffix': 'PSO_POP_100_ALPHA_0_5_BETA_0_4_NR_ITER_100', 'size_of_population': 100, 'alpha': 0.5, 'beta': 0.4, 'max_iterations': 100}",30.4                  ,30.4                  ,nan                   ,30.4                 ,0.11738824844360352                    ,nan                                         ,nan                                   ,nan                                        ,nan                                               ,nan                                                    ,nan
14             ,66                        ,TSP_CITIES_SET_66_N_14.json,CPU               ,particle_swarm_tsp,nan                   ,nan     ,[]                 ,False                  ,nan                    ,nan        ,[]          ,nan                                       ,PSO_POP_100_ALPHA_0_5_BETA_0_4_NR_ITER_100                                                                                             ,"{'suffix': 'PSO_POP_100_ALPHA_0_5_BETA_0_4_NR_ITER_100', 'size_of_population': 100, 'alpha': 0.5, 'beta': 0.4, 'max_iterations': 100}",10.9                  ,10.9                  ,nan                   ,10.9                 ,0.1093757152557373                     ,nan                                         ,nan                                   ,nan                                        ,nan                                               ,nan                                                    ,nan
14             ,67                        ,TSP_CITIES_SET_67_N_14.json,CPU               ,particle_swarm_tsp,nan                   ,nan     ,[]                 ,False                  ,nan                    ,nan        ,[]          ,nan                                       ,PSO_POP_100_ALPHA_0_5_BETA_0_4_NR_ITER_100                                                                                             ,"{'suffix': 'PSO_POP_100_ALPHA_0_5_BETA_0_4_NR_ITER_100', 'size_of_population': 100, 'alpha': 0.5, 'beta': 0.4, 'max_iterations': 100}",12.5                  ,12.5                  ,nan                   ,12.5                 ,0.10935521125793457                    ,nan                                         ,nan                                   ,nan                                        ,nan                                               ,nan                                                    ,nan
14             ,68                        ,TSP_CITIES_SET_68_N_14.json,CPU               ,particle_swarm_tsp,nan                   ,nan     ,[]                 ,False                  ,nan                    ,nan        ,[]          ,nan                                       ,PSO_POP_100_ALPHA_0_5_BETA_0_4_NR_ITER_100                                                                                             ,"{'suffix': 'PSO_POP_100_ALPHA_0_5_BETA_0_4_NR_ITER_100', 'size_of_population': 100, 'alpha': 0.5, 'beta': 0.4, 'max_iterations': 100}",12.5                  ,12.5                  ,nan                   ,12.5                 ,0.1093747615814209                     ,nan                                         ,nan                                   ,nan                                        ,nan                                               ,nan                                                    ,nan
14             ,69                        ,TSP_CITIES_SET_69_N_14.json,CPU               ,particle_swarm_tsp,nan                   ,nan     ,[]                 ,False                  ,nan                    ,nan        ,[]          ,nan                                       ,PSO_POP_100_ALPHA_0_5_BETA_0_4_NR_ITER_100                                                                                             ,"{'suffix': 'PSO_POP_100_ALPHA_0_5_BETA_0_4_NR_ITER_100', 'size_of_population': 100, 'alpha': 0.5, 'beta': 0.4, 'max_iterations': 100}",10.8                  ,10.8                  ,nan                   ,10.8                 ,0.10937309265136719                    ,nan                                         ,nan                                   ,nan                                        ,nan                                               ,nan                                                    ,nan
14             ,70                        ,TSP_CITIES_SET_70_N_14.json,CPU               ,particle_swarm_tsp,nan                   ,nan     ,[]                 ,False                  ,nan                    ,nan        ,[]          ,nan                                       ,PSO_POP_100_ALPHA_0_5_BETA_0_4_NR_ITER_100                                                                                             ,"{'suffix': 'PSO_POP_100_ALPHA_0_5_BETA_0_4_NR_ITER_100', 'size_of_population': 100, 'alpha': 0.5, 'beta': 0.4, 'max_iterations': 100}",8.9                   ,8.9                   ,nan                   ,8.9                  ,0.07812333106994629                    ,nan                                         ,nan                                   ,nan                                        ,nan                                               ,nan                                                    ,nan
14             ,71                        ,TSP_CITIES_SET_71_N_14.json,CPU               ,particle_swarm_tsp,nan                   ,nan     ,[]                 ,False                  ,nan                    ,nan        ,[]          ,nan                                       ,PSO_POP_100_ALPHA_0_5_BETA_0_4_NR_ITER_100                                                                                             ,"{'suffix': 'PSO_POP_100_ALPHA_0_5_BETA_0_4_NR_ITER_100', 'size_of_population': 100, 'alpha': 0.5, 'beta': 0.4, 'max_iterations': 100}",12.3                  ,12.3                  ,nan                   ,12.3                 ,0.1406242847442627                     ,nan                                         ,nan                                   ,nan                                        ,nan                                               ,nan                                                    ,nan
14             ,72                        ,TSP_CITIES_SET_72_N_14.json,CPU               ,particle_swarm_tsp,nan                   ,nan     ,[]                 ,False                  ,nan                    ,nan        ,[]          ,nan                                       ,PSO_POP_100_ALPHA_0_5_BETA_0_4_NR_ITER_100                                                                                             ,"{'suffix': 'PSO_POP_100_ALPHA_0_5_BETA_0_4_NR_ITER_100', 'size_of_population': 100, 'alpha': 0.5, 'beta': 0.4, 'max_iterations': 100}",10.7                  ,10.7                  ,nan                   ,10.7                 ,0.0937492847442627                     ,nan                                         ,nan                                   ,nan                                        ,nan                                               ,nan                                                    ,nan
14             ,73                        ,TSP_CITIES_SET_73_N_14.json,CPU               ,particle_swarm_tsp,nan                   ,nan     ,[]                 ,False                  ,nan                    ,nan        ,[]          ,nan                                       ,PSO_POP_100_ALPHA_0_5_BETA_0_4_NR_ITER_100                                                                                             ,"{'suffix': 'PSO_POP_100_ALPHA_0_5_BETA_0_4_NR_ITER_100', 'size_of_population': 100, 'alpha': 0.5, 'beta': 0.4, 'max_iterations': 100}",10.3                  ,10.3                  ,nan                   ,10.3                 ,0.09374833106994629                    ,nan                                         ,nan                                   ,nan                                        ,nan                                               ,nan                                                    ,nan
14             ,74                        ,TSP_CITIES_SET_74_N_14.json,CPU               ,particle_swarm_tsp,nan                   ,nan     ,[]                 ,False                  ,nan                    ,nan        ,[]          ,nan                                       ,PSO_POP_100_ALPHA_0_5_BETA_0_4_NR_ITER_100                                                                                             ,"{'suffix': 'PSO_POP_100_ALPHA_0_5_BETA_0_4_NR_ITER_100', 'size_of_population': 100, 'alpha': 0.5, 'beta': 0.4, 'max_iterations': 100}",12.5                  ,12.5                  ,nan                   ,12.5                 ,0.10937356948852539                    ,nan                                         ,nan                                   ,nan                                        ,nan                                               ,nan                                                    ,nan
14             ,75                        ,TSP_CITIES_SET_75_N_14.json,CPU               ,particle_swarm_tsp,nan                   ,nan     ,[]                 ,False                  ,nan                    ,nan        ,[]          ,nan                                       ,PSO_POP_100_ALPHA_0_5_BETA_0_4_NR_ITER_100                                                                                             ,"{'suffix': 'PSO_POP_100_ALPHA_0_5_BETA_0_4_NR_ITER_100', 'size_of_population': 100, 'alpha': 0.5, 'beta': 0.4, 'max_iterations': 100}",12.7                  ,12.7                  ,nan                   ,12.7                 ,0.1406230926513672                     ,nan                                         ,nan                                   ,nan                                        ,nan                                               ,nan                                                    ,nan
14             ,76                        ,TSP_CITIES_SET_76_N_14.json,CPU               ,particle_swarm_tsp,nan                   ,nan     ,[]                 ,False                  ,nan                    ,nan        ,[]          ,nan                                       ,PSO_POP_100_ALPHA_0_5_BETA_0_4_NR_ITER_100                                                                                             ,"{'suffix': 'PSO_POP_100_ALPHA_0_5_BETA_0_4_NR_ITER_100', 'size_of_population': 100, 'alpha': 0.5, 'beta': 0.4, 'max_iterations': 100}",8.3                   ,8.3                   ,nan                   ,8.3                  ,0.09374809265136719                    ,nan                                         ,nan                                   ,nan                                        ,nan                                               ,nan                                                    ,nan
14             ,77                        ,TSP_CITIES_SET_77_N_14.json,CPU               ,particle_swarm_tsp,nan                   ,nan     ,[]                 ,False                  ,nan                    ,nan        ,[]          ,nan                                       ,PSO_POP_100_ALPHA_0_5_BETA_0_4_NR_ITER_100                                                                                             ,"{'suffix': 'PSO_POP_100_ALPHA_0_5_BETA_0_4_NR_ITER_100', 'size_of_population': 100, 'alpha': 0.5, 'beta': 0.4, 'max_iterations': 100}",10.7                  ,10.7                  ,nan                   ,10.7                 ,0.09374761581420898                    ,nan                                         ,nan                                   ,nan                                        ,nan                                               ,nan                                                    ,nan
14             ,78                        ,TSP_CITIES_SET_78_N_14.json,CPU               ,particle_swarm_tsp,nan                   ,nan     ,[]                 ,False                  ,nan                    ,nan        ,[]          ,nan                                       ,PSO_POP_100_ALPHA_0_5_BETA_0_4_NR_ITER_100                                                                                             ,"{'suffix': 'PSO_POP_100_ALPHA_0_5_BETA_0_4_NR_ITER_100', 'size_of_population': 100, 'alpha': 0.5, 'beta': 0.4, 'max_iterations': 100}",12.5                  ,12.5                  ,nan                   ,12.5                 ,0.12503647804260254                    ,nan                                         ,nan                                   ,nan                                        ,nan                                               ,nan                                                    ,nan
14             ,79                        ,TSP_CITIES_SET_79_N_14.json,CPU               ,particle_swarm_tsp,nan                   ,nan     ,[]                 ,False                  ,nan                    ,nan        ,[]          ,nan                                       ,PSO_POP_100_ALPHA_0_5_BETA_0_4_NR_ITER_100                                                                                             ,"{'suffix': 'PSO_POP_100_ALPHA_0_5_BETA_0_4_NR_ITER_100', 'size_of_population': 100, 'alpha': 0.5, 'beta': 0.4, 'max_iterations': 100}",11.1                  ,11.1                  ,nan                   ,11.1                 ,0.10937261581420898                    ,nan                                         ,nan                                   ,nan                                        ,nan                                               ,nan                                                    ,nan
14             ,80                        ,TSP_CITIES_SET_80_N_14.json,CPU               ,particle_swarm_tsp,nan                   ,nan     ,[]                 ,False                  ,nan                    ,nan        ,[]          ,nan                                       ,PSO_POP_100_ALPHA_0_5_BETA_0_4_NR_ITER_100                                                                                             ,"{'suffix': 'PSO_POP_100_ALPHA_0_5_BETA_0_4_NR_ITER_100', 'size_of_population': 100, 'alpha': 0.5, 'beta': 0.4, 'max_iterations': 100}",10.7                  ,10.7                  ,nan                   ,10.7                 ,0.09374856948852539                    ,nan                                         ,nan                                   ,nan                                        ,nan                                               ,nan                                                    ,nan
14             ,81                        ,TSP_CITIES_SET_81_N_14.json,CPU               ,particle_swarm_tsp,nan                   ,nan     ,[]                 ,False                  ,nan                    ,nan        ,[]          ,nan                                       ,PSO_POP_100_ALPHA_0_5_BETA_0_4_NR_ITER_100                                                                                             ,"{'suffix': 'PSO_POP_100_ALPHA_0_5_BETA_0_4_NR_ITER_100', 'size_of_population': 100, 'alpha': 0.5, 'beta': 0.4, 'max_iterations': 100}",9.7                   ,9.7                   ,nan                   ,9.7                  ,0.09374785423278809                    ,nan                                         ,nan                                   ,nan                                        ,nan                                               ,nan                                                    ,nan
14             ,82                        ,TSP_CITIES_SET_82_N_14.json,CPU               ,particle_swarm_tsp,nan                   ,nan     ,[]                 ,False                  ,nan                    ,nan        ,[]          ,nan                                       ,PSO_POP_100_ALPHA_0_5_BETA_0_4_NR_ITER_100                                                                                             ,"{'suffix': 'PSO_POP_100_ALPHA_0_5_BETA_0_4_NR_ITER_100', 'size_of_population': 100, 'alpha': 0.5, 'beta': 0.4, 'max_iterations': 100}",10.7                  ,10.7                  ,nan                   ,10.7                 ,0.09374809265136719                    ,nan                                         ,nan                                   ,nan                                        ,nan                                               ,nan                                                    ,nan
14             ,83                        ,TSP_CITIES_SET_83_N_14.json,CPU               ,particle_swarm_tsp,nan                   ,nan     ,[]                 ,False                  ,nan                    ,nan        ,[]          ,nan                                       ,PSO_POP_100_ALPHA_0_5_BETA_0_4_NR_ITER_100                                                                                             ,"{'suffix': 'PSO_POP_100_ALPHA_0_5_BETA_0_4_NR_ITER_100', 'size_of_population': 100, 'alpha': 0.5, 'beta': 0.4, 'max_iterations': 100}",11.1                  ,11.1                  ,nan                   ,11.1                 ,0.0937492847442627                     ,nan                                         ,nan                                   ,nan                                        ,nan                                               ,nan                                                    ,nan
14             ,84                        ,TSP_CITIES_SET_84_N_14.json,CPU               ,particle_swarm_tsp,nan                   ,nan     ,[]                 ,False                  ,nan                    ,nan        ,[]          ,nan                                       ,PSO_POP_100_ALPHA_0_5_BETA_0_4_NR_ITER_100                                                                                             ,"{'suffix': 'PSO_POP_100_ALPHA_0_5_BETA_0_4_NR_ITER_100', 'size_of_population': 100, 'alpha': 0.5, 'beta': 0.4, 'max_iterations': 100}",10.7                  ,10.7                  ,nan                   ,10.7                 ,0.0937490463256836                     ,nan                                         ,nan                                   ,nan                                        ,nan                                               ,nan                                                    ,nan
14             ,85                        ,TSP_CITIES_SET_85_N_14.json,CPU               ,particle_swarm_tsp,nan                   ,nan     ,[]                 ,False                  ,nan                    ,nan        ,[]          ,nan                                       ,PSO_POP_100_ALPHA_0_5_BETA_0_4_NR_ITER_100                                                                                             ,"{'suffix': 'PSO_POP_100_ALPHA_0_5_BETA_0_4_NR_ITER_100', 'size_of_population': 100, 'alpha': 0.5, 'beta': 0.4, 'max_iterations': 100}",10.9                  ,10.9                  ,nan                   ,10.9                 ,0.10937213897705078                    ,nan                                         ,nan                                   ,nan                                        ,nan                                               ,nan                                                    ,nan
14             ,86                        ,TSP_CITIES_SET_86_N_14.json,CPU               ,particle_swarm_tsp,nan                   ,nan     ,[]                 ,False                  ,nan                    ,nan        ,[]          ,nan                                       ,PSO_POP_100_ALPHA_0_5_BETA_0_4_NR_ITER_100                                                                                             ,"{'suffix': 'PSO_POP_100_ALPHA_0_5_BETA_0_4_NR_ITER_100', 'size_of_population': 100, 'alpha': 0.5, 'beta': 0.4, 'max_iterations': 100}",11.3                  ,11.3                  ,nan                   ,11.3                 ,0.1093745231628418                     ,nan                                         ,nan                                   ,nan                                        ,nan                                               ,nan                                                    ,nan
14             ,87                        ,TSP_CITIES_SET_87_N_14.json,CPU               ,particle_swarm_tsp,nan                   ,nan     ,[]                 ,False                  ,nan                    ,nan        ,[]          ,nan                                       ,PSO_POP_100_ALPHA_0_5_BETA_0_4_NR_ITER_100                                                                                             ,"{'suffix': 'PSO_POP_100_ALPHA_0_5_BETA_0_4_NR_ITER_100', 'size_of_population': 100, 'alpha': 0.5, 'beta': 0.4, 'max_iterations': 100}",10.7                  ,10.7                  ,nan                   ,10.7                 ,0.07812333106994629                    ,nan                                         ,nan                                   ,nan                                        ,nan                                               ,nan                                                    ,nan
14             ,88                        ,TSP_CITIES_SET_88_N_14.json,CPU               ,particle_swarm_tsp,nan                   ,nan     ,[]                 ,False                  ,nan                    ,nan        ,[]          ,nan                                       ,PSO_POP_100_ALPHA_0_5_BETA_0_4_NR_ITER_100                                                                                             ,"{'suffix': 'PSO_POP_100_ALPHA_0_5_BETA_0_4_NR_ITER_100', 'size_of_population': 100, 'alpha': 0.5, 'beta': 0.4, 'max_iterations': 100}",14.1                  ,14.1                  ,nan                   ,14.1                 ,0.12499833106994629                    ,nan                                         ,nan                                   ,nan                                        ,nan                                               ,nan                                                    ,nan
14             ,89                        ,TSP_CITIES_SET_89_N_14.json,CPU               ,particle_swarm_tsp,nan                   ,nan     ,[]                 ,False                  ,nan                    ,nan        ,[]          ,nan                                       ,PSO_POP_100_ALPHA_0_5_BETA_0_4_NR_ITER_100                                                                                             ,"{'suffix': 'PSO_POP_100_ALPHA_0_5_BETA_0_4_NR_ITER_100', 'size_of_population': 100, 'alpha': 0.5, 'beta': 0.4, 'max_iterations': 100}",12.3                  ,12.3                  ,nan                   ,12.3                 ,0.09374427795410156                    ,nan                                         ,nan                                   ,nan                                        ,nan                                               ,nan                                                    ,nan
14             ,90                        ,TSP_CITIES_SET_90_N_14.json,CPU               ,particle_swarm_tsp,nan                   ,nan     ,[]                 ,False                  ,nan                    ,nan        ,[]          ,nan                                       ,PSO_POP_100_ALPHA_0_5_BETA_0_4_NR_ITER_100                                                                                             ,"{'suffix': 'PSO_POP_100_ALPHA_0_5_BETA_0_4_NR_ITER_100', 'size_of_population': 100, 'alpha': 0.5, 'beta': 0.4, 'max_iterations': 100}",12.1                  ,12.1                  ,nan                   ,12.1                 ,0.10937666893005371                    ,nan                                         ,nan                                   ,nan                                        ,nan                                               ,nan                                                    ,nan
14             ,91                        ,TSP_CITIES_SET_91_N_14.json,CPU               ,particle_swarm_tsp,nan                   ,nan     ,[]                 ,False                  ,nan                    ,nan        ,[]          ,nan                                       ,PSO_POP_100_ALPHA_0_5_BETA_0_4_NR_ITER_100                                                                                             ,"{'suffix': 'PSO_POP_100_ALPHA_0_5_BETA_0_4_NR_ITER_100', 'size_of_population': 100, 'alpha': 0.5, 'beta': 0.4, 'max_iterations': 100}",10.9                  ,10.9                  ,nan                   ,10.9                 ,0.10940909385681152                    ,nan                                         ,nan                                   ,nan                                        ,nan                                               ,nan                                                    ,nan
14             ,92                        ,TSP_CITIES_SET_92_N_14.json,CPU               ,particle_swarm_tsp,nan                   ,nan     ,[]                 ,False                  ,nan                    ,nan        ,[]          ,nan                                       ,PSO_POP_100_ALPHA_0_5_BETA_0_4_NR_ITER_100                                                                                             ,"{'suffix': 'PSO_POP_100_ALPHA_0_5_BETA_0_4_NR_ITER_100', 'size_of_population': 100, 'alpha': 0.5, 'beta': 0.4, 'max_iterations': 100}",12.5                  ,12.5                  ,nan                   ,12.5                 ,0.10937333106994629                    ,nan                                         ,nan                                   ,nan                                        ,nan                                               ,nan                                                    ,nan
14             ,93                        ,TSP_CITIES_SET_93_N_14.json,CPU               ,particle_swarm_tsp,nan                   ,nan     ,[]                 ,False                  ,nan                    ,nan        ,[]          ,nan                                       ,PSO_POP_100_ALPHA_0_5_BETA_0_4_NR_ITER_100                                                                                             ,"{'suffix': 'PSO_POP_100_ALPHA_0_5_BETA_0_4_NR_ITER_100', 'size_of_population': 100, 'alpha': 0.5, 'beta': 0.4, 'max_iterations': 100}",23.8                  ,23.8                  ,nan                   ,23.8                 ,0.14464211463928223                    ,nan                                         ,nan                                   ,nan                                        ,nan                                               ,nan                                                    ,nan
14             ,94                        ,TSP_CITIES_SET_94_N_14.json,CPU               ,particle_swarm_tsp,nan                   ,nan     ,[]                 ,False                  ,nan                    ,nan        ,[]          ,nan                                       ,PSO_POP_100_ALPHA_0_5_BETA_0_4_NR_ITER_100                                                                                             ,"{'suffix': 'PSO_POP_100_ALPHA_0_5_BETA_0_4_NR_ITER_100', 'size_of_population': 100, 'alpha': 0.5, 'beta': 0.4, 'max_iterations': 100}",9.5                   ,9.5                   ,nan                   ,9.5                  ,0.09373283386230469                    ,nan                                         ,nan                                   ,nan                                        ,nan                                               ,nan                                                    ,nan
14             ,95                        ,TSP_CITIES_SET_95_N_14.json,CPU               ,particle_swarm_tsp,nan                   ,nan     ,[]                 ,False                  ,nan                    ,nan        ,[]          ,nan                                       ,PSO_POP_100_ALPHA_0_5_BETA_0_4_NR_ITER_100                                                                                             ,"{'suffix': 'PSO_POP_100_ALPHA_0_5_BETA_0_4_NR_ITER_100', 'size_of_population': 100, 'alpha': 0.5, 'beta': 0.4, 'max_iterations': 100}",12.5                  ,12.5                  ,nan                   ,12.5                 ,0.09633398056030273                    ,nan                                         ,nan                                   ,nan                                        ,nan                                               ,nan                                                    ,nan
14             ,96                        ,TSP_CITIES_SET_96_N_14.json,CPU               ,particle_swarm_tsp,nan                   ,nan     ,[]                 ,False                  ,nan                    ,nan        ,[]          ,nan                                       ,PSO_POP_100_ALPHA_0_5_BETA_0_4_NR_ITER_100                                                                                             ,"{'suffix': 'PSO_POP_100_ALPHA_0_5_BETA_0_4_NR_ITER_100', 'size_of_population': 100, 'alpha': 0.5, 'beta': 0.4, 'max_iterations': 100}",10.9                  ,10.9                  ,nan                   ,10.9                 ,0.09378552436828613                    ,nan                                         ,nan                                   ,nan                                        ,nan                                               ,nan                                                    ,nan
14             ,97                        ,TSP_CITIES_SET_97_N_14.json,CPU               ,particle_swarm_tsp,nan                   ,nan     ,[]                 ,False                  ,nan                    ,nan        ,[]          ,nan                                       ,PSO_POP_100_ALPHA_0_5_BETA_0_4_NR_ITER_100                                                                                             ,"{'suffix': 'PSO_POP_100_ALPHA_0_5_BETA_0_4_NR_ITER_100', 'size_of_population': 100, 'alpha': 0.5, 'beta': 0.4, 'max_iterations': 100}",10.7                  ,10.7                  ,nan                   ,10.7                 ,0.0937502384185791                     ,nan                                         ,nan                                   ,nan                                        ,nan                                               ,nan                                                    ,nan
14             ,98                        ,TSP_CITIES_SET_98_N_14.json,CPU               ,particle_swarm_tsp,nan                   ,nan     ,[]                 ,False                  ,nan                    ,nan        ,[]          ,nan                                       ,PSO_POP_100_ALPHA_0_5_BETA_0_4_NR_ITER_100                                                                                             ,"{'suffix': 'PSO_POP_100_ALPHA_0_5_BETA_0_4_NR_ITER_100', 'size_of_population': 100, 'alpha': 0.5, 'beta': 0.4, 'max_iterations': 100}",17.2                  ,17.2                  ,nan                   ,17.2                 ,0.17188072204589844                    ,nan                                         ,nan                                   ,nan                                        ,nan                                               ,nan                                                    ,nan
14             ,99                        ,TSP_CITIES_SET_99_N_14.json,CPU               ,particle_swarm_tsp,nan                   ,nan     ,[]                 ,False                  ,nan                    ,nan        ,[]          ,nan                                       ,PSO_POP_100_ALPHA_0_5_BETA_0_4_NR_ITER_100                                                                                             ,"{'suffix': 'PSO_POP_100_ALPHA_0_5_BETA_0_4_NR_ITER_100', 'size_of_population': 100, 'alpha': 0.5, 'beta': 0.4, 'max_iterations': 100}",19.7                  ,19.7                  ,nan                   ,19.7                 ,0.10942411422729492                    ,nan                                         ,nan                                   ,nan                                        ,nan                                               ,nan                                                    ,nan
15             ,0                         ,TSP_CITIES_SET_0_N_15.json ,CPU               ,particle_swarm_tsp,nan                   ,nan     ,[]                 ,False                  ,nan                    ,nan        ,[]          ,nan                                       ,PSO_POP_100_ALPHA_0_5_BETA_0_4_NR_ITER_100                                                                                             ,"{'suffix': 'PSO_POP_100_ALPHA_0_5_BETA_0_4_NR_ITER_100', 'size_of_population': 100, 'alpha': 0.5, 'beta': 0.4, 'max_iterations': 100}",12.5                  ,12.5                  ,nan                   ,12.5                 ,0.1406247615814209                     ,nan                                         ,nan                                   ,nan                                        ,nan                                               ,nan                                                    ,nan
15             ,1                         ,TSP_CITIES_SET_1_N_15.json ,CPU               ,particle_swarm_tsp,nan                   ,nan     ,[]                 ,False                  ,nan                    ,nan        ,[]          ,nan                                       ,PSO_POP_100_ALPHA_0_5_BETA_0_4_NR_ITER_100                                                                                             ,"{'suffix': 'PSO_POP_100_ALPHA_0_5_BETA_0_4_NR_ITER_100', 'size_of_population': 100, 'alpha': 0.5, 'beta': 0.4, 'max_iterations': 100}",11.7                  ,11.7                  ,nan                   ,11.7                 ,0.10937285423278809                    ,nan                                         ,nan                                   ,nan                                        ,nan                                               ,nan                                                    ,nan
15             ,2                         ,TSP_CITIES_SET_2_N_15.json ,CPU               ,particle_swarm_tsp,nan                   ,nan     ,[]                 ,False                  ,nan                    ,nan        ,[]          ,nan                                       ,PSO_POP_100_ALPHA_0_5_BETA_0_4_NR_ITER_100                                                                                             ,"{'suffix': 'PSO_POP_100_ALPHA_0_5_BETA_0_4_NR_ITER_100', 'size_of_population': 100, 'alpha': 0.5, 'beta': 0.4, 'max_iterations': 100}",11.3                  ,11.3                  ,nan                   ,11.3                 ,0.10937285423278809                    ,nan                                         ,nan                                   ,nan                                        ,nan                                               ,nan                                                    ,nan
15             ,3                         ,TSP_CITIES_SET_3_N_15.json ,CPU               ,particle_swarm_tsp,nan                   ,nan     ,[]                 ,False                  ,nan                    ,nan        ,[]          ,nan                                       ,PSO_POP_100_ALPHA_0_5_BETA_0_4_NR_ITER_100                                                                                             ,"{'suffix': 'PSO_POP_100_ALPHA_0_5_BETA_0_4_NR_ITER_100', 'size_of_population': 100, 'alpha': 0.5, 'beta': 0.4, 'max_iterations': 100}",11.3                  ,11.3                  ,nan                   ,11.3                 ,0.09374880790710449                    ,nan                                         ,nan                                   ,nan                                        ,nan                                               ,nan                                                    ,nan
15             ,4                         ,TSP_CITIES_SET_4_N_15.json ,CPU               ,particle_swarm_tsp,nan                   ,nan     ,[]                 ,False                  ,nan                    ,nan        ,[]          ,nan                                       ,PSO_POP_100_ALPHA_0_5_BETA_0_4_NR_ITER_100                                                                                             ,"{'suffix': 'PSO_POP_100_ALPHA_0_5_BETA_0_4_NR_ITER_100', 'size_of_population': 100, 'alpha': 0.5, 'beta': 0.4, 'max_iterations': 100}",11.5                  ,11.5                  ,nan                   ,11.5                 ,0.10937380790710449                    ,nan                                         ,nan                                   ,nan                                        ,nan                                               ,nan                                                    ,nan
15             ,5                         ,TSP_CITIES_SET_5_N_15.json ,CPU               ,particle_swarm_tsp,nan                   ,nan     ,[]                 ,False                  ,nan                    ,nan        ,[]          ,nan                                       ,PSO_POP_100_ALPHA_0_5_BETA_0_4_NR_ITER_100                                                                                             ,"{'suffix': 'PSO_POP_100_ALPHA_0_5_BETA_0_4_NR_ITER_100', 'size_of_population': 100, 'alpha': 0.5, 'beta': 0.4, 'max_iterations': 100}",10.9                  ,10.9                  ,nan                   ,10.9                 ,0.10937213897705078                    ,nan                                         ,nan                                   ,nan                                        ,nan                                               ,nan                                                    ,nan
15             ,6                         ,TSP_CITIES_SET_6_N_15.json ,CPU               ,particle_swarm_tsp,nan                   ,nan     ,[]                 ,False                  ,nan                    ,nan        ,[]          ,nan                                       ,PSO_POP_100_ALPHA_0_5_BETA_0_4_NR_ITER_100                                                                                             ,"{'suffix': 'PSO_POP_100_ALPHA_0_5_BETA_0_4_NR_ITER_100', 'size_of_population': 100, 'alpha': 0.5, 'beta': 0.4, 'max_iterations': 100}",20.3                  ,20.3                  ,nan                   ,20.3                 ,0.14063000679016113                    ,nan                                         ,nan                                   ,nan                                        ,nan                                               ,nan                                                    ,nan
15             ,7                         ,TSP_CITIES_SET_7_N_15.json ,CPU               ,particle_swarm_tsp,nan                   ,nan     ,[]                 ,False                  ,nan                    ,nan        ,[]          ,nan                                       ,PSO_POP_100_ALPHA_0_5_BETA_0_4_NR_ITER_100                                                                                             ,"{'suffix': 'PSO_POP_100_ALPHA_0_5_BETA_0_4_NR_ITER_100', 'size_of_population': 100, 'alpha': 0.5, 'beta': 0.4, 'max_iterations': 100}",13.5                  ,13.5                  ,nan                   ,13.5                 ,0.10937166213989258                    ,nan                                         ,nan                                   ,nan                                        ,nan                                               ,nan                                                    ,nan
15             ,8                         ,TSP_CITIES_SET_8_N_15.json ,CPU               ,particle_swarm_tsp,nan                   ,nan     ,[]                 ,False                  ,nan                    ,nan        ,[]          ,nan                                       ,PSO_POP_100_ALPHA_0_5_BETA_0_4_NR_ITER_100                                                                                             ,"{'suffix': 'PSO_POP_100_ALPHA_0_5_BETA_0_4_NR_ITER_100', 'size_of_population': 100, 'alpha': 0.5, 'beta': 0.4, 'max_iterations': 100}",25.0                  ,25.0                  ,nan                   ,25.0                 ,0.14062166213989258                    ,nan                                         ,nan                                   ,nan                                        ,nan                                               ,nan                                                    ,nan
15             ,9                         ,TSP_CITIES_SET_9_N_15.json ,CPU               ,particle_swarm_tsp,nan                   ,nan     ,[]                 ,False                  ,nan                    ,nan        ,[]          ,nan                                       ,PSO_POP_100_ALPHA_0_5_BETA_0_4_NR_ITER_100                                                                                             ,"{'suffix': 'PSO_POP_100_ALPHA_0_5_BETA_0_4_NR_ITER_100', 'size_of_population': 100, 'alpha': 0.5, 'beta': 0.4, 'max_iterations': 100}",10.9                  ,10.9                  ,nan                   ,10.9                 ,0.10939812660217285                    ,nan                                         ,nan                                   ,nan                                        ,nan                                               ,nan                                                    ,nan
15             ,10                        ,TSP_CITIES_SET_10_N_15.json,CPU               ,particle_swarm_tsp,nan                   ,nan     ,[]                 ,False                  ,nan                    ,nan        ,[]          ,nan                                       ,PSO_POP_100_ALPHA_0_5_BETA_0_4_NR_ITER_100                                                                                             ,"{'suffix': 'PSO_POP_100_ALPHA_0_5_BETA_0_4_NR_ITER_100', 'size_of_population': 100, 'alpha': 0.5, 'beta': 0.4, 'max_iterations': 100}",14.1                  ,14.1                  ,nan                   ,14.1                 ,0.17589282989501953                    ,nan                                         ,nan                                   ,nan                                        ,nan                                               ,nan                                                    ,nan
15             ,11                        ,TSP_CITIES_SET_11_N_15.json,CPU               ,particle_swarm_tsp,nan                   ,nan     ,[]                 ,False                  ,nan                    ,nan        ,[]          ,nan                                       ,PSO_POP_100_ALPHA_0_5_BETA_0_4_NR_ITER_100                                                                                             ,"{'suffix': 'PSO_POP_100_ALPHA_0_5_BETA_0_4_NR_ITER_100', 'size_of_population': 100, 'alpha': 0.5, 'beta': 0.4, 'max_iterations': 100}",12.5                  ,12.5                  ,nan                   ,12.5                 ,0.12499785423278809                    ,nan                                         ,nan                                   ,nan                                        ,nan                                               ,nan                                                    ,nan
15             ,12                        ,TSP_CITIES_SET_12_N_15.json,CPU               ,particle_swarm_tsp,nan                   ,nan     ,[]                 ,False                  ,nan                    ,nan        ,[]          ,nan                                       ,PSO_POP_100_ALPHA_0_5_BETA_0_4_NR_ITER_100                                                                                             ,"{'suffix': 'PSO_POP_100_ALPHA_0_5_BETA_0_4_NR_ITER_100', 'size_of_population': 100, 'alpha': 0.5, 'beta': 0.4, 'max_iterations': 100}",11.3                  ,11.3                  ,nan                   ,11.3                 ,0.1093745231628418                     ,nan                                         ,nan                                   ,nan                                        ,nan                                               ,nan                                                    ,nan
15             ,13                        ,TSP_CITIES_SET_13_N_15.json,CPU               ,particle_swarm_tsp,nan                   ,nan     ,[]                 ,False                  ,nan                    ,nan        ,[]          ,nan                                       ,PSO_POP_100_ALPHA_0_5_BETA_0_4_NR_ITER_100                                                                                             ,"{'suffix': 'PSO_POP_100_ALPHA_0_5_BETA_0_4_NR_ITER_100', 'size_of_population': 100, 'alpha': 0.5, 'beta': 0.4, 'max_iterations': 100}",11.5                  ,11.5                  ,nan                   ,11.5                 ,0.09378838539123535                    ,nan                                         ,nan                                   ,nan                                        ,nan                                               ,nan                                                    ,nan
15             ,14                        ,TSP_CITIES_SET_14_N_15.json,CPU               ,particle_swarm_tsp,nan                   ,nan     ,[]                 ,False                  ,nan                    ,nan        ,[]          ,nan                                       ,PSO_POP_100_ALPHA_0_5_BETA_0_4_NR_ITER_100                                                                                             ,"{'suffix': 'PSO_POP_100_ALPHA_0_5_BETA_0_4_NR_ITER_100', 'size_of_population': 100, 'alpha': 0.5, 'beta': 0.4, 'max_iterations': 100}",25.0                  ,25.0                  ,nan                   ,25.0                 ,0.12503910064697266                    ,nan                                         ,nan                                   ,nan                                        ,nan                                               ,nan                                                    ,nan
15             ,15                        ,TSP_CITIES_SET_15_N_15.json,CPU               ,particle_swarm_tsp,nan                   ,nan     ,[]                 ,False                  ,nan                    ,nan        ,[]          ,nan                                       ,PSO_POP_100_ALPHA_0_5_BETA_0_4_NR_ITER_100                                                                                             ,"{'suffix': 'PSO_POP_100_ALPHA_0_5_BETA_0_4_NR_ITER_100', 'size_of_population': 100, 'alpha': 0.5, 'beta': 0.4, 'max_iterations': 100}",23.4                  ,23.4                  ,nan                   ,23.4                 ,0.10937261581420898                    ,nan                                         ,nan                                   ,nan                                        ,nan                                               ,nan                                                    ,nan
15             ,16                        ,TSP_CITIES_SET_16_N_15.json,CPU               ,particle_swarm_tsp,nan                   ,nan     ,[]                 ,False                  ,nan                    ,nan        ,[]          ,nan                                       ,PSO_POP_100_ALPHA_0_5_BETA_0_4_NR_ITER_100                                                                                             ,"{'suffix': 'PSO_POP_100_ALPHA_0_5_BETA_0_4_NR_ITER_100', 'size_of_population': 100, 'alpha': 0.5, 'beta': 0.4, 'max_iterations': 100}",9.5                   ,9.5                   ,nan                   ,9.5                  ,0.0937490463256836                     ,nan                                         ,nan                                   ,nan                                        ,nan                                               ,nan                                                    ,nan
15             ,17                        ,TSP_CITIES_SET_17_N_15.json,CPU               ,particle_swarm_tsp,nan                   ,nan     ,[]                 ,False                  ,nan                    ,nan        ,[]          ,nan                                       ,PSO_POP_100_ALPHA_0_5_BETA_0_4_NR_ITER_100                                                                                             ,"{'suffix': 'PSO_POP_100_ALPHA_0_5_BETA_0_4_NR_ITER_100', 'size_of_population': 100, 'alpha': 0.5, 'beta': 0.4, 'max_iterations': 100}",9.4                   ,9.4                   ,nan                   ,9.4                  ,0.09375143051147461                    ,nan                                         ,nan                                   ,nan                                        ,nan                                               ,nan                                                    ,nan
15             ,18                        ,TSP_CITIES_SET_18_N_15.json,CPU               ,particle_swarm_tsp,nan                   ,nan     ,[]                 ,False                  ,nan                    ,nan        ,[]          ,nan                                       ,PSO_POP_100_ALPHA_0_5_BETA_0_4_NR_ITER_100                                                                                             ,"{'suffix': 'PSO_POP_100_ALPHA_0_5_BETA_0_4_NR_ITER_100', 'size_of_population': 100, 'alpha': 0.5, 'beta': 0.4, 'max_iterations': 100}",9.5                   ,9.5                   ,nan                   ,9.5                  ,0.09374761581420898                    ,nan                                         ,nan                                   ,nan                                        ,nan                                               ,nan                                                    ,nan
15             ,19                        ,TSP_CITIES_SET_19_N_15.json,CPU               ,particle_swarm_tsp,nan                   ,nan     ,[]                 ,False                  ,nan                    ,nan        ,[]          ,nan                                       ,PSO_POP_100_ALPHA_0_5_BETA_0_4_NR_ITER_100                                                                                             ,"{'suffix': 'PSO_POP_100_ALPHA_0_5_BETA_0_4_NR_ITER_100', 'size_of_population': 100, 'alpha': 0.5, 'beta': 0.4, 'max_iterations': 100}",12.5                  ,12.5                  ,nan                   ,12.5                 ,0.17186617851257324                    ,nan                                         ,nan                                   ,nan                                        ,nan                                               ,nan                                                    ,nan
15             ,20                        ,TSP_CITIES_SET_20_N_15.json,CPU               ,particle_swarm_tsp,nan                   ,nan     ,[]                 ,False                  ,nan                    ,nan        ,[]          ,nan                                       ,PSO_POP_100_ALPHA_0_5_BETA_0_4_NR_ITER_100                                                                                             ,"{'suffix': 'PSO_POP_100_ALPHA_0_5_BETA_0_4_NR_ITER_100', 'size_of_population': 100, 'alpha': 0.5, 'beta': 0.4, 'max_iterations': 100}",10.7                  ,10.7                  ,nan                   ,10.7                 ,0.09374737739562988                    ,nan                                         ,nan                                   ,nan                                        ,nan                                               ,nan                                                    ,nan
15             ,21                        ,TSP_CITIES_SET_21_N_15.json,CPU               ,particle_swarm_tsp,nan                   ,nan     ,[]                 ,False                  ,nan                    ,nan        ,[]          ,nan                                       ,PSO_POP_100_ALPHA_0_5_BETA_0_4_NR_ITER_100                                                                                             ,"{'suffix': 'PSO_POP_100_ALPHA_0_5_BETA_0_4_NR_ITER_100', 'size_of_population': 100, 'alpha': 0.5, 'beta': 0.4, 'max_iterations': 100}",26.4                  ,26.4                  ,nan                   ,26.4                 ,0.15625214576721191                    ,nan                                         ,nan                                   ,nan                                        ,nan                                               ,nan                                                    ,nan
15             ,22                        ,TSP_CITIES_SET_22_N_15.json,CPU               ,particle_swarm_tsp,nan                   ,nan     ,[]                 ,False                  ,nan                    ,nan        ,[]          ,nan                                       ,PSO_POP_100_ALPHA_0_5_BETA_0_4_NR_ITER_100                                                                                             ,"{'suffix': 'PSO_POP_100_ALPHA_0_5_BETA_0_4_NR_ITER_100', 'size_of_population': 100, 'alpha': 0.5, 'beta': 0.4, 'max_iterations': 100}",12.5                  ,12.5                  ,nan                   ,12.5                 ,0.14060354232788086                    ,nan                                         ,nan                                   ,nan                                        ,nan                                               ,nan                                                    ,nan
15             ,23                        ,TSP_CITIES_SET_23_N_15.json,CPU               ,particle_swarm_tsp,nan                   ,nan     ,[]                 ,False                  ,nan                    ,nan        ,[]          ,nan                                       ,PSO_POP_100_ALPHA_0_5_BETA_0_4_NR_ITER_100                                                                                             ,"{'suffix': 'PSO_POP_100_ALPHA_0_5_BETA_0_4_NR_ITER_100', 'size_of_population': 100, 'alpha': 0.5, 'beta': 0.4, 'max_iterations': 100}",11.5                  ,11.5                  ,nan                   ,11.5                 ,0.1093740463256836                     ,nan                                         ,nan                                   ,nan                                        ,nan                                               ,nan                                                    ,nan
15             ,24                        ,TSP_CITIES_SET_24_N_15.json,CPU               ,particle_swarm_tsp,nan                   ,nan     ,[]                 ,False                  ,nan                    ,nan        ,[]          ,nan                                       ,PSO_POP_100_ALPHA_0_5_BETA_0_4_NR_ITER_100                                                                                             ,"{'suffix': 'PSO_POP_100_ALPHA_0_5_BETA_0_4_NR_ITER_100', 'size_of_population': 100, 'alpha': 0.5, 'beta': 0.4, 'max_iterations': 100}",12.5                  ,12.5                  ,nan                   ,12.5                 ,0.10937142372131348                    ,nan                                         ,nan                                   ,nan                                        ,nan                                               ,nan                                                    ,nan
15             ,25                        ,TSP_CITIES_SET_25_N_15.json,CPU               ,particle_swarm_tsp,nan                   ,nan     ,[]                 ,False                  ,nan                    ,nan        ,[]          ,nan                                       ,PSO_POP_100_ALPHA_0_5_BETA_0_4_NR_ITER_100                                                                                             ,"{'suffix': 'PSO_POP_100_ALPHA_0_5_BETA_0_4_NR_ITER_100', 'size_of_population': 100, 'alpha': 0.5, 'beta': 0.4, 'max_iterations': 100}",12.5                  ,12.5                  ,nan                   ,12.5                 ,0.14061713218688965                    ,nan                                         ,nan                                   ,nan                                        ,nan                                               ,nan                                                    ,nan
15             ,26                        ,TSP_CITIES_SET_26_N_15.json,CPU               ,particle_swarm_tsp,nan                   ,nan     ,[]                 ,False                  ,nan                    ,nan        ,[]          ,nan                                       ,PSO_POP_100_ALPHA_0_5_BETA_0_4_NR_ITER_100                                                                                             ,"{'suffix': 'PSO_POP_100_ALPHA_0_5_BETA_0_4_NR_ITER_100', 'size_of_population': 100, 'alpha': 0.5, 'beta': 0.4, 'max_iterations': 100}",12.5                  ,12.5                  ,nan                   ,12.5                 ,0.10936355590820312                    ,nan                                         ,nan                                   ,nan                                        ,nan                                               ,nan                                                    ,nan
15             ,27                        ,TSP_CITIES_SET_27_N_15.json,CPU               ,particle_swarm_tsp,nan                   ,nan     ,[]                 ,False                  ,nan                    ,nan        ,[]          ,nan                                       ,PSO_POP_100_ALPHA_0_5_BETA_0_4_NR_ITER_100                                                                                             ,"{'suffix': 'PSO_POP_100_ALPHA_0_5_BETA_0_4_NR_ITER_100', 'size_of_population': 100, 'alpha': 0.5, 'beta': 0.4, 'max_iterations': 100}",12.5                  ,12.5                  ,nan                   ,12.5                 ,0.12499737739562988                    ,nan                                         ,nan                                   ,nan                                        ,nan                                               ,nan                                                    ,nan
15             ,28                        ,TSP_CITIES_SET_28_N_15.json,CPU               ,particle_swarm_tsp,nan                   ,nan     ,[]                 ,False                  ,nan                    ,nan        ,[]          ,nan                                       ,PSO_POP_100_ALPHA_0_5_BETA_0_4_NR_ITER_100                                                                                             ,"{'suffix': 'PSO_POP_100_ALPHA_0_5_BETA_0_4_NR_ITER_100', 'size_of_population': 100, 'alpha': 0.5, 'beta': 0.4, 'max_iterations': 100}",25.8                  ,25.8                  ,nan                   ,25.8                 ,0.12502241134643555                    ,nan                                         ,nan                                   ,nan                                        ,nan                                               ,nan                                                    ,nan
15             ,29                        ,TSP_CITIES_SET_29_N_15.json,CPU               ,particle_swarm_tsp,nan                   ,nan     ,[]                 ,False                  ,nan                    ,nan        ,[]          ,nan                                       ,PSO_POP_100_ALPHA_0_5_BETA_0_4_NR_ITER_100                                                                                             ,"{'suffix': 'PSO_POP_100_ALPHA_0_5_BETA_0_4_NR_ITER_100', 'size_of_population': 100, 'alpha': 0.5, 'beta': 0.4, 'max_iterations': 100}",32.8                  ,32.8                  ,nan                   ,32.8                 ,0.14060449600219727                    ,nan                                         ,nan                                   ,nan                                        ,nan                                               ,nan                                                    ,nan
15             ,30                        ,TSP_CITIES_SET_30_N_15.json,CPU               ,particle_swarm_tsp,nan                   ,nan     ,[]                 ,False                  ,nan                    ,nan        ,[]          ,nan                                       ,PSO_POP_100_ALPHA_0_5_BETA_0_4_NR_ITER_100                                                                                             ,"{'suffix': 'PSO_POP_100_ALPHA_0_5_BETA_0_4_NR_ITER_100', 'size_of_population': 100, 'alpha': 0.5, 'beta': 0.4, 'max_iterations': 100}",12.5                  ,12.5                  ,nan                   ,12.5                 ,0.10937213897705078                    ,nan                                         ,nan                                   ,nan                                        ,nan                                               ,nan                                                    ,nan
15             ,31                        ,TSP_CITIES_SET_31_N_15.json,CPU               ,particle_swarm_tsp,nan                   ,nan     ,[]                 ,False                  ,nan                    ,nan        ,[]          ,nan                                       ,PSO_POP_100_ALPHA_0_5_BETA_0_4_NR_ITER_100                                                                                             ,"{'suffix': 'PSO_POP_100_ALPHA_0_5_BETA_0_4_NR_ITER_100', 'size_of_population': 100, 'alpha': 0.5, 'beta': 0.4, 'max_iterations': 100}",10.7                  ,10.7                  ,nan                   ,10.7                 ,0.09374713897705078                    ,nan                                         ,nan                                   ,nan                                        ,nan                                               ,nan                                                    ,nan
15             ,32                        ,TSP_CITIES_SET_32_N_15.json,CPU               ,particle_swarm_tsp,nan                   ,nan     ,[]                 ,False                  ,nan                    ,nan        ,[]          ,nan                                       ,PSO_POP_100_ALPHA_0_5_BETA_0_4_NR_ITER_100                                                                                             ,"{'suffix': 'PSO_POP_100_ALPHA_0_5_BETA_0_4_NR_ITER_100', 'size_of_population': 100, 'alpha': 0.5, 'beta': 0.4, 'max_iterations': 100}",11.5                  ,11.5                  ,nan                   ,11.5                 ,0.10936760902404785                    ,nan                                         ,nan                                   ,nan                                        ,nan                                               ,nan                                                    ,nan
15             ,33                        ,TSP_CITIES_SET_33_N_15.json,CPU               ,particle_swarm_tsp,nan                   ,nan     ,[]                 ,False                  ,nan                    ,nan        ,[]          ,nan                                       ,PSO_POP_100_ALPHA_0_5_BETA_0_4_NR_ITER_100                                                                                             ,"{'suffix': 'PSO_POP_100_ALPHA_0_5_BETA_0_4_NR_ITER_100', 'size_of_population': 100, 'alpha': 0.5, 'beta': 0.4, 'max_iterations': 100}",11.5                  ,11.5                  ,nan                   ,11.5                 ,0.09374618530273438                    ,nan                                         ,nan                                   ,nan                                        ,nan                                               ,nan                                                    ,nan
15             ,34                        ,TSP_CITIES_SET_34_N_15.json,CPU               ,particle_swarm_tsp,nan                   ,nan     ,[]                 ,False                  ,nan                    ,nan        ,[]          ,nan                                       ,PSO_POP_100_ALPHA_0_5_BETA_0_4_NR_ITER_100                                                                                             ,"{'suffix': 'PSO_POP_100_ALPHA_0_5_BETA_0_4_NR_ITER_100', 'size_of_population': 100, 'alpha': 0.5, 'beta': 0.4, 'max_iterations': 100}",23.4                  ,23.4                  ,nan                   ,23.4                 ,0.10937714576721191                    ,nan                                         ,nan                                   ,nan                                        ,nan                                               ,nan                                                    ,nan
15             ,35                        ,TSP_CITIES_SET_35_N_15.json,CPU               ,particle_swarm_tsp,nan                   ,nan     ,[]                 ,False                  ,nan                    ,nan        ,[]          ,nan                                       ,PSO_POP_100_ALPHA_0_5_BETA_0_4_NR_ITER_100                                                                                             ,"{'suffix': 'PSO_POP_100_ALPHA_0_5_BETA_0_4_NR_ITER_100', 'size_of_population': 100, 'alpha': 0.5, 'beta': 0.4, 'max_iterations': 100}",25.9                  ,25.9                  ,nan                   ,25.9                 ,0.10941052436828613                    ,nan                                         ,nan                                   ,nan                                        ,nan                                               ,nan                                                    ,nan
15             ,36                        ,TSP_CITIES_SET_36_N_15.json,CPU               ,particle_swarm_tsp,nan                   ,nan     ,[]                 ,False                  ,nan                    ,nan        ,[]          ,nan                                       ,PSO_POP_100_ALPHA_0_5_BETA_0_4_NR_ITER_100                                                                                             ,"{'suffix': 'PSO_POP_100_ALPHA_0_5_BETA_0_4_NR_ITER_100', 'size_of_population': 100, 'alpha': 0.5, 'beta': 0.4, 'max_iterations': 100}",14.1                  ,14.1                  ,nan                   ,14.1                 ,0.1508495807647705                     ,nan                                         ,nan                                   ,nan                                        ,nan                                               ,nan                                                    ,nan
15             ,37                        ,TSP_CITIES_SET_37_N_15.json,CPU               ,particle_swarm_tsp,nan                   ,nan     ,[]                 ,False                  ,nan                    ,nan        ,[]          ,nan                                       ,PSO_POP_100_ALPHA_0_5_BETA_0_4_NR_ITER_100                                                                                             ,"{'suffix': 'PSO_POP_100_ALPHA_0_5_BETA_0_4_NR_ITER_100', 'size_of_population': 100, 'alpha': 0.5, 'beta': 0.4, 'max_iterations': 100}",13.2                  ,13.2                  ,nan                   ,13.2                 ,0.10937237739562988                    ,nan                                         ,nan                                   ,nan                                        ,nan                                               ,nan                                                    ,nan
15             ,38                        ,TSP_CITIES_SET_38_N_15.json,CPU               ,particle_swarm_tsp,nan                   ,nan     ,[]                 ,False                  ,nan                    ,nan        ,[]          ,nan                                       ,PSO_POP_100_ALPHA_0_5_BETA_0_4_NR_ITER_100                                                                                             ,"{'suffix': 'PSO_POP_100_ALPHA_0_5_BETA_0_4_NR_ITER_100', 'size_of_population': 100, 'alpha': 0.5, 'beta': 0.4, 'max_iterations': 100}",10.9                  ,10.9                  ,nan                   ,10.9                 ,0.10935544967651367                    ,nan                                         ,nan                                   ,nan                                        ,nan                                               ,nan                                                    ,nan
15             ,39                        ,TSP_CITIES_SET_39_N_15.json,CPU               ,particle_swarm_tsp,nan                   ,nan     ,[]                 ,False                  ,nan                    ,nan        ,[]          ,nan                                       ,PSO_POP_100_ALPHA_0_5_BETA_0_4_NR_ITER_100                                                                                             ,"{'suffix': 'PSO_POP_100_ALPHA_0_5_BETA_0_4_NR_ITER_100', 'size_of_population': 100, 'alpha': 0.5, 'beta': 0.4, 'max_iterations': 100}",25.0                  ,25.0                  ,nan                   ,25.0                 ,0.12499475479125977                    ,nan                                         ,nan                                   ,nan                                        ,nan                                               ,nan                                                    ,nan
15             ,40                        ,TSP_CITIES_SET_40_N_15.json,CPU               ,particle_swarm_tsp,nan                   ,nan     ,[]                 ,False                  ,nan                    ,nan        ,[]          ,nan                                       ,PSO_POP_100_ALPHA_0_5_BETA_0_4_NR_ITER_100                                                                                             ,"{'suffix': 'PSO_POP_100_ALPHA_0_5_BETA_0_4_NR_ITER_100', 'size_of_population': 100, 'alpha': 0.5, 'beta': 0.4, 'max_iterations': 100}",11.1                  ,11.1                  ,nan                   ,11.1                 ,0.10940670967102051                    ,nan                                         ,nan                                   ,nan                                        ,nan                                               ,nan                                                    ,nan
15             ,41                        ,TSP_CITIES_SET_41_N_15.json,CPU               ,particle_swarm_tsp,nan                   ,nan     ,[]                 ,False                  ,nan                    ,nan        ,[]          ,nan                                       ,PSO_POP_100_ALPHA_0_5_BETA_0_4_NR_ITER_100                                                                                             ,"{'suffix': 'PSO_POP_100_ALPHA_0_5_BETA_0_4_NR_ITER_100', 'size_of_population': 100, 'alpha': 0.5, 'beta': 0.4, 'max_iterations': 100}",12.5                  ,12.5                  ,nan                   ,12.5                 ,0.09885692596435547                    ,nan                                         ,nan                                   ,nan                                        ,nan                                               ,nan                                                    ,nan
15             ,42                        ,TSP_CITIES_SET_42_N_15.json,CPU               ,particle_swarm_tsp,nan                   ,nan     ,[]                 ,False                  ,nan                    ,nan        ,[]          ,nan                                       ,PSO_POP_100_ALPHA_0_5_BETA_0_4_NR_ITER_100                                                                                             ,"{'suffix': 'PSO_POP_100_ALPHA_0_5_BETA_0_4_NR_ITER_100', 'size_of_population': 100, 'alpha': 0.5, 'beta': 0.4, 'max_iterations': 100}",11.3                  ,11.3                  ,nan                   ,11.3                 ,0.09374499320983887                    ,nan                                         ,nan                                   ,nan                                        ,nan                                               ,nan                                                    ,nan
15             ,43                        ,TSP_CITIES_SET_43_N_15.json,CPU               ,particle_swarm_tsp,nan                   ,nan     ,[]                 ,False                  ,nan                    ,nan        ,[]          ,nan                                       ,PSO_POP_100_ALPHA_0_5_BETA_0_4_NR_ITER_100                                                                                             ,"{'suffix': 'PSO_POP_100_ALPHA_0_5_BETA_0_4_NR_ITER_100', 'size_of_population': 100, 'alpha': 0.5, 'beta': 0.4, 'max_iterations': 100}",14.3                  ,14.3                  ,nan                   ,14.3                 ,0.1124265193939209                     ,nan                                         ,nan                                   ,nan                                        ,nan                                               ,nan                                                    ,nan
15             ,44                        ,TSP_CITIES_SET_44_N_15.json,CPU               ,particle_swarm_tsp,nan                   ,nan     ,[]                 ,False                  ,nan                    ,nan        ,[]          ,nan                                       ,PSO_POP_100_ALPHA_0_5_BETA_0_4_NR_ITER_100                                                                                             ,"{'suffix': 'PSO_POP_100_ALPHA_0_5_BETA_0_4_NR_ITER_100', 'size_of_population': 100, 'alpha': 0.5, 'beta': 0.4, 'max_iterations': 100}",23.2                  ,23.2                  ,nan                   ,23.2                 ,0.09374690055847168                    ,nan                                         ,nan                                   ,nan                                        ,nan                                               ,nan                                                    ,nan
15             ,45                        ,TSP_CITIES_SET_45_N_15.json,CPU               ,particle_swarm_tsp,nan                   ,nan     ,[]                 ,False                  ,nan                    ,nan        ,[]          ,nan                                       ,PSO_POP_100_ALPHA_0_5_BETA_0_4_NR_ITER_100                                                                                             ,"{'suffix': 'PSO_POP_100_ALPHA_0_5_BETA_0_4_NR_ITER_100', 'size_of_population': 100, 'alpha': 0.5, 'beta': 0.4, 'max_iterations': 100}",14.3                  ,14.3                  ,nan                   ,14.3                 ,0.11389541625976562                    ,nan                                         ,nan                                   ,nan                                        ,nan                                               ,nan                                                    ,nan
15             ,46                        ,TSP_CITIES_SET_46_N_15.json,CPU               ,particle_swarm_tsp,nan                   ,nan     ,[]                 ,False                  ,nan                    ,nan        ,[]          ,nan                                       ,PSO_POP_100_ALPHA_0_5_BETA_0_4_NR_ITER_100                                                                                             ,"{'suffix': 'PSO_POP_100_ALPHA_0_5_BETA_0_4_NR_ITER_100', 'size_of_population': 100, 'alpha': 0.5, 'beta': 0.4, 'max_iterations': 100}",23.2                  ,23.2                  ,nan                   ,23.2                 ,0.1093759536743164                     ,nan                                         ,nan                                   ,nan                                        ,nan                                               ,nan                                                    ,nan
15             ,47                        ,TSP_CITIES_SET_47_N_15.json,CPU               ,particle_swarm_tsp,nan                   ,nan     ,[]                 ,False                  ,nan                    ,nan        ,[]          ,nan                                       ,PSO_POP_100_ALPHA_0_5_BETA_0_4_NR_ITER_100                                                                                             ,"{'suffix': 'PSO_POP_100_ALPHA_0_5_BETA_0_4_NR_ITER_100', 'size_of_population': 100, 'alpha': 0.5, 'beta': 0.4, 'max_iterations': 100}",14.3                  ,14.3                  ,nan                   ,14.3                 ,0.10937261581420898                    ,nan                                         ,nan                                   ,nan                                        ,nan                                               ,nan                                                    ,nan
15             ,48                        ,TSP_CITIES_SET_48_N_15.json,CPU               ,particle_swarm_tsp,nan                   ,nan     ,[]                 ,False                  ,nan                    ,nan        ,[]          ,nan                                       ,PSO_POP_100_ALPHA_0_5_BETA_0_4_NR_ITER_100                                                                                             ,"{'suffix': 'PSO_POP_100_ALPHA_0_5_BETA_0_4_NR_ITER_100', 'size_of_population': 100, 'alpha': 0.5, 'beta': 0.4, 'max_iterations': 100}",14.3                  ,14.3                  ,nan                   ,14.3                 ,0.11343264579772949                    ,nan                                         ,nan                                   ,nan                                        ,nan                                               ,nan                                                    ,nan
15             ,49                        ,TSP_CITIES_SET_49_N_15.json,CPU               ,particle_swarm_tsp,nan                   ,nan     ,[]                 ,False                  ,nan                    ,nan        ,[]          ,nan                                       ,PSO_POP_100_ALPHA_0_5_BETA_0_4_NR_ITER_100                                                                                             ,"{'suffix': 'PSO_POP_100_ALPHA_0_5_BETA_0_4_NR_ITER_100', 'size_of_population': 100, 'alpha': 0.5, 'beta': 0.4, 'max_iterations': 100}",29.7                  ,29.7                  ,nan                   ,29.7                 ,0.14062094688415527                    ,nan                                         ,nan                                   ,nan                                        ,nan                                               ,nan                                                    ,nan
15             ,50                        ,TSP_CITIES_SET_50_N_15.json,CPU               ,particle_swarm_tsp,nan                   ,nan     ,[]                 ,False                  ,nan                    ,nan        ,[]          ,nan                                       ,PSO_POP_100_ALPHA_0_5_BETA_0_4_NR_ITER_100                                                                                             ,"{'suffix': 'PSO_POP_100_ALPHA_0_5_BETA_0_4_NR_ITER_100', 'size_of_population': 100, 'alpha': 0.5, 'beta': 0.4, 'max_iterations': 100}",12.5                  ,12.5                  ,nan                   ,12.5                 ,0.10937213897705078                    ,nan                                         ,nan                                   ,nan                                        ,nan                                               ,nan                                                    ,nan
15             ,51                        ,TSP_CITIES_SET_51_N_15.json,CPU               ,particle_swarm_tsp,nan                   ,nan     ,[]                 ,False                  ,nan                    ,nan        ,[]          ,nan                                       ,PSO_POP_100_ALPHA_0_5_BETA_0_4_NR_ITER_100                                                                                             ,"{'suffix': 'PSO_POP_100_ALPHA_0_5_BETA_0_4_NR_ITER_100', 'size_of_population': 100, 'alpha': 0.5, 'beta': 0.4, 'max_iterations': 100}",12.7                  ,12.7                  ,nan                   ,12.7                 ,0.1094059944152832                     ,nan                                         ,nan                                   ,nan                                        ,nan                                               ,nan                                                    ,nan
15             ,52                        ,TSP_CITIES_SET_52_N_15.json,CPU               ,particle_swarm_tsp,nan                   ,nan     ,[]                 ,False                  ,nan                    ,nan        ,[]          ,nan                                       ,PSO_POP_100_ALPHA_0_5_BETA_0_4_NR_ITER_100                                                                                             ,"{'suffix': 'PSO_POP_100_ALPHA_0_5_BETA_0_4_NR_ITER_100', 'size_of_population': 100, 'alpha': 0.5, 'beta': 0.4, 'max_iterations': 100}",12.5                  ,12.5                  ,nan                   ,12.5                 ,0.1094045639038086                     ,nan                                         ,nan                                   ,nan                                        ,nan                                               ,nan                                                    ,nan
15             ,53                        ,TSP_CITIES_SET_53_N_15.json,CPU               ,particle_swarm_tsp,nan                   ,nan     ,[]                 ,False                  ,nan                    ,nan        ,[]          ,nan                                       ,PSO_POP_100_ALPHA_0_5_BETA_0_4_NR_ITER_100                                                                                             ,"{'suffix': 'PSO_POP_100_ALPHA_0_5_BETA_0_4_NR_ITER_100', 'size_of_population': 100, 'alpha': 0.5, 'beta': 0.4, 'max_iterations': 100}",9.4                   ,9.4                   ,nan                   ,9.4                  ,0.09374618530273438                    ,nan                                         ,nan                                   ,nan                                        ,nan                                               ,nan                                                    ,nan
15             ,54                        ,TSP_CITIES_SET_54_N_15.json,CPU               ,particle_swarm_tsp,nan                   ,nan     ,[]                 ,False                  ,nan                    ,nan        ,[]          ,nan                                       ,PSO_POP_100_ALPHA_0_5_BETA_0_4_NR_ITER_100                                                                                             ,"{'suffix': 'PSO_POP_100_ALPHA_0_5_BETA_0_4_NR_ITER_100', 'size_of_population': 100, 'alpha': 0.5, 'beta': 0.4, 'max_iterations': 100}",23.2                  ,23.2                  ,nan                   ,23.2                 ,0.09374547004699707                    ,nan                                         ,nan                                   ,nan                                        ,nan                                               ,nan                                                    ,nan
15             ,55                        ,TSP_CITIES_SET_55_N_15.json,CPU               ,particle_swarm_tsp,nan                   ,nan     ,[]                 ,False                  ,nan                    ,nan        ,[]          ,nan                                       ,PSO_POP_100_ALPHA_0_5_BETA_0_4_NR_ITER_100                                                                                             ,"{'suffix': 'PSO_POP_100_ALPHA_0_5_BETA_0_4_NR_ITER_100', 'size_of_population': 100, 'alpha': 0.5, 'beta': 0.4, 'max_iterations': 100}",10.9                  ,10.9                  ,nan                   ,10.9                 ,0.09374594688415527                    ,nan                                         ,nan                                   ,nan                                        ,nan                                               ,nan                                                    ,nan
15             ,56                        ,TSP_CITIES_SET_56_N_15.json,CPU               ,particle_swarm_tsp,nan                   ,nan     ,[]                 ,False                  ,nan                    ,nan        ,[]          ,nan                                       ,PSO_POP_100_ALPHA_0_5_BETA_0_4_NR_ITER_100                                                                                             ,"{'suffix': 'PSO_POP_100_ALPHA_0_5_BETA_0_4_NR_ITER_100', 'size_of_population': 100, 'alpha': 0.5, 'beta': 0.4, 'max_iterations': 100}",11.1                  ,11.1                  ,nan                   ,11.1                 ,0.10933375358581543                    ,nan                                         ,nan                                   ,nan                                        ,nan                                               ,nan                                                    ,nan
15             ,57                        ,TSP_CITIES_SET_57_N_15.json,CPU               ,particle_swarm_tsp,nan                   ,nan     ,[]                 ,False                  ,nan                    ,nan        ,[]          ,nan                                       ,PSO_POP_100_ALPHA_0_5_BETA_0_4_NR_ITER_100                                                                                             ,"{'suffix': 'PSO_POP_100_ALPHA_0_5_BETA_0_4_NR_ITER_100', 'size_of_population': 100, 'alpha': 0.5, 'beta': 0.4, 'max_iterations': 100}",12.5                  ,12.5                  ,nan                   ,12.5                 ,0.12499642372131348                    ,nan                                         ,nan                                   ,nan                                        ,nan                                               ,nan                                                    ,nan
15             ,58                        ,TSP_CITIES_SET_58_N_15.json,CPU               ,particle_swarm_tsp,nan                   ,nan     ,[]                 ,False                  ,nan                    ,nan        ,[]          ,nan                                       ,PSO_POP_100_ALPHA_0_5_BETA_0_4_NR_ITER_100                                                                                             ,"{'suffix': 'PSO_POP_100_ALPHA_0_5_BETA_0_4_NR_ITER_100', 'size_of_population': 100, 'alpha': 0.5, 'beta': 0.4, 'max_iterations': 100}",10.7                  ,10.7                  ,nan                   ,10.7                 ,0.09374809265136719                    ,nan                                         ,nan                                   ,nan                                        ,nan                                               ,nan                                                    ,nan
15             ,59                        ,TSP_CITIES_SET_59_N_15.json,CPU               ,particle_swarm_tsp,nan                   ,nan     ,[]                 ,False                  ,nan                    ,nan        ,[]          ,nan                                       ,PSO_POP_100_ALPHA_0_5_BETA_0_4_NR_ITER_100                                                                                             ,"{'suffix': 'PSO_POP_100_ALPHA_0_5_BETA_0_4_NR_ITER_100', 'size_of_population': 100, 'alpha': 0.5, 'beta': 0.4, 'max_iterations': 100}",25.0                  ,25.0                  ,nan                   ,25.0                 ,0.10937118530273438                    ,nan                                         ,nan                                   ,nan                                        ,nan                                               ,nan                                                    ,nan
15             ,60                        ,TSP_CITIES_SET_60_N_15.json,CPU               ,particle_swarm_tsp,nan                   ,nan     ,[]                 ,False                  ,nan                    ,nan        ,[]          ,nan                                       ,PSO_POP_100_ALPHA_0_5_BETA_0_4_NR_ITER_100                                                                                             ,"{'suffix': 'PSO_POP_100_ALPHA_0_5_BETA_0_4_NR_ITER_100', 'size_of_population': 100, 'alpha': 0.5, 'beta': 0.4, 'max_iterations': 100}",12.5                  ,12.5                  ,nan                   ,12.5                 ,0.10937118530273438                    ,nan                                         ,nan                                   ,nan                                        ,nan                                               ,nan                                                    ,nan
15             ,61                        ,TSP_CITIES_SET_61_N_15.json,CPU               ,particle_swarm_tsp,nan                   ,nan     ,[]                 ,False                  ,nan                    ,nan        ,[]          ,nan                                       ,PSO_POP_100_ALPHA_0_5_BETA_0_4_NR_ITER_100                                                                                             ,"{'suffix': 'PSO_POP_100_ALPHA_0_5_BETA_0_4_NR_ITER_100', 'size_of_population': 100, 'alpha': 0.5, 'beta': 0.4, 'max_iterations': 100}",12.5                  ,12.5                  ,nan                   ,12.5                 ,0.1285107135772705                     ,nan                                         ,nan                                   ,nan                                        ,nan                                               ,nan                                                    ,nan
15             ,62                        ,TSP_CITIES_SET_62_N_15.json,CPU               ,particle_swarm_tsp,nan                   ,nan     ,[]                 ,False                  ,nan                    ,nan        ,[]          ,nan                                       ,PSO_POP_100_ALPHA_0_5_BETA_0_4_NR_ITER_100                                                                                             ,"{'suffix': 'PSO_POP_100_ALPHA_0_5_BETA_0_4_NR_ITER_100', 'size_of_population': 100, 'alpha': 0.5, 'beta': 0.4, 'max_iterations': 100}",9.5                   ,9.5                   ,nan                   ,9.5                  ,0.09374642372131348                    ,nan                                         ,nan                                   ,nan                                        ,nan                                               ,nan                                                    ,nan
15             ,63                        ,TSP_CITIES_SET_63_N_15.json,CPU               ,particle_swarm_tsp,nan                   ,nan     ,[]                 ,False                  ,nan                    ,nan        ,[]          ,nan                                       ,PSO_POP_100_ALPHA_0_5_BETA_0_4_NR_ITER_100                                                                                             ,"{'suffix': 'PSO_POP_100_ALPHA_0_5_BETA_0_4_NR_ITER_100', 'size_of_population': 100, 'alpha': 0.5, 'beta': 0.4, 'max_iterations': 100}",12.5                  ,12.5                  ,nan                   ,12.5                 ,0.14062261581420898                    ,nan                                         ,nan                                   ,nan                                        ,nan                                               ,nan                                                    ,nan
15             ,64                        ,TSP_CITIES_SET_64_N_15.json,CPU               ,particle_swarm_tsp,nan                   ,nan     ,[]                 ,False                  ,nan                    ,nan        ,[]          ,nan                                       ,PSO_POP_100_ALPHA_0_5_BETA_0_4_NR_ITER_100                                                                                             ,"{'suffix': 'PSO_POP_100_ALPHA_0_5_BETA_0_4_NR_ITER_100', 'size_of_population': 100, 'alpha': 0.5, 'beta': 0.4, 'max_iterations': 100}",28.1                  ,28.1                  ,nan                   ,28.1                 ,0.12499594688415527                    ,nan                                         ,nan                                   ,nan                                        ,nan                                               ,nan                                                    ,nan
15             ,65                        ,TSP_CITIES_SET_65_N_15.json,CPU               ,particle_swarm_tsp,nan                   ,nan     ,[]                 ,False                  ,nan                    ,nan        ,[]          ,nan                                       ,PSO_POP_100_ALPHA_0_5_BETA_0_4_NR_ITER_100                                                                                             ,"{'suffix': 'PSO_POP_100_ALPHA_0_5_BETA_0_4_NR_ITER_100', 'size_of_population': 100, 'alpha': 0.5, 'beta': 0.4, 'max_iterations': 100}",24.6                  ,24.6                  ,nan                   ,24.6                 ,0.12502741813659668                    ,nan                                         ,nan                                   ,nan                                        ,nan                                               ,nan                                                    ,nan
15             ,66                        ,TSP_CITIES_SET_66_N_15.json,CPU               ,particle_swarm_tsp,nan                   ,nan     ,[]                 ,False                  ,nan                    ,nan        ,[]          ,nan                                       ,PSO_POP_100_ALPHA_0_5_BETA_0_4_NR_ITER_100                                                                                             ,"{'suffix': 'PSO_POP_100_ALPHA_0_5_BETA_0_4_NR_ITER_100', 'size_of_population': 100, 'alpha': 0.5, 'beta': 0.4, 'max_iterations': 100}",10.7                  ,10.7                  ,nan                   ,10.7                 ,0.09374642372131348                    ,nan                                         ,nan                                   ,nan                                        ,nan                                               ,nan                                                    ,nan
15             ,67                        ,TSP_CITIES_SET_67_N_15.json,CPU               ,particle_swarm_tsp,nan                   ,nan     ,[]                 ,False                  ,nan                    ,nan        ,[]          ,nan                                       ,PSO_POP_100_ALPHA_0_5_BETA_0_4_NR_ITER_100                                                                                             ,"{'suffix': 'PSO_POP_100_ALPHA_0_5_BETA_0_4_NR_ITER_100', 'size_of_population': 100, 'alpha': 0.5, 'beta': 0.4, 'max_iterations': 100}",11.5                  ,11.5                  ,nan                   ,11.5                 ,0.10937309265136719                    ,nan                                         ,nan                                   ,nan                                        ,nan                                               ,nan                                                    ,nan
15             ,68                        ,TSP_CITIES_SET_68_N_15.json,CPU               ,particle_swarm_tsp,nan                   ,nan     ,[]                 ,False                  ,nan                    ,nan        ,[]          ,nan                                       ,PSO_POP_100_ALPHA_0_5_BETA_0_4_NR_ITER_100                                                                                             ,"{'suffix': 'PSO_POP_100_ALPHA_0_5_BETA_0_4_NR_ITER_100', 'size_of_population': 100, 'alpha': 0.5, 'beta': 0.4, 'max_iterations': 100}",14.3                  ,14.3                  ,nan                   ,14.3                 ,0.10938644409179688                    ,nan                                         ,nan                                   ,nan                                        ,nan                                               ,nan                                                    ,nan
15             ,69                        ,TSP_CITIES_SET_69_N_15.json,CPU               ,particle_swarm_tsp,nan                   ,nan     ,[]                 ,False                  ,nan                    ,nan        ,[]          ,nan                                       ,PSO_POP_100_ALPHA_0_5_BETA_0_4_NR_ITER_100                                                                                             ,"{'suffix': 'PSO_POP_100_ALPHA_0_5_BETA_0_4_NR_ITER_100', 'size_of_population': 100, 'alpha': 0.5, 'beta': 0.4, 'max_iterations': 100}",10.9                  ,10.9                  ,nan                   ,10.9                 ,0.10937213897705078                    ,nan                                         ,nan                                   ,nan                                        ,nan                                               ,nan                                                    ,nan
15             ,70                        ,TSP_CITIES_SET_70_N_15.json,CPU               ,particle_swarm_tsp,nan                   ,nan     ,[]                 ,False                  ,nan                    ,nan        ,[]          ,nan                                       ,PSO_POP_100_ALPHA_0_5_BETA_0_4_NR_ITER_100                                                                                             ,"{'suffix': 'PSO_POP_100_ALPHA_0_5_BETA_0_4_NR_ITER_100', 'size_of_population': 100, 'alpha': 0.5, 'beta': 0.4, 'max_iterations': 100}",22.6                  ,22.6                  ,nan                   ,22.6                 ,0.09374666213989258                    ,nan                                         ,nan                                   ,nan                                        ,nan                                               ,nan                                                    ,nan
15             ,71                        ,TSP_CITIES_SET_71_N_15.json,CPU               ,particle_swarm_tsp,nan                   ,nan     ,[]                 ,False                  ,nan                    ,nan        ,[]          ,nan                                       ,PSO_POP_100_ALPHA_0_5_BETA_0_4_NR_ITER_100                                                                                             ,"{'suffix': 'PSO_POP_100_ALPHA_0_5_BETA_0_4_NR_ITER_100', 'size_of_population': 100, 'alpha': 0.5, 'beta': 0.4, 'max_iterations': 100}",12.1                  ,12.1                  ,nan                   ,12.1                 ,0.1406087875366211                     ,nan                                         ,nan                                   ,nan                                        ,nan                                               ,nan                                                    ,nan
15             ,72                        ,TSP_CITIES_SET_72_N_15.json,CPU               ,particle_swarm_tsp,nan                   ,nan     ,[]                 ,False                  ,nan                    ,nan        ,[]          ,nan                                       ,PSO_POP_100_ALPHA_0_5_BETA_0_4_NR_ITER_100                                                                                             ,"{'suffix': 'PSO_POP_100_ALPHA_0_5_BETA_0_4_NR_ITER_100', 'size_of_population': 100, 'alpha': 0.5, 'beta': 0.4, 'max_iterations': 100}",12.7                  ,12.7                  ,nan                   ,12.7                 ,0.10937118530273438                    ,nan                                         ,nan                                   ,nan                                        ,nan                                               ,nan                                                    ,nan
15             ,73                        ,TSP_CITIES_SET_73_N_15.json,CPU               ,particle_swarm_tsp,nan                   ,nan     ,[]                 ,False                  ,nan                    ,nan        ,[]          ,nan                                       ,PSO_POP_100_ALPHA_0_5_BETA_0_4_NR_ITER_100                                                                                             ,"{'suffix': 'PSO_POP_100_ALPHA_0_5_BETA_0_4_NR_ITER_100', 'size_of_population': 100, 'alpha': 0.5, 'beta': 0.4, 'max_iterations': 100}",17.2                  ,17.2                  ,nan                   ,17.2                 ,0.12499642372131348                    ,nan                                         ,nan                                   ,nan                                        ,nan                                               ,nan                                                    ,nan
15             ,74                        ,TSP_CITIES_SET_74_N_15.json,CPU               ,particle_swarm_tsp,nan                   ,nan     ,[]                 ,False                  ,nan                    ,nan        ,[]          ,nan                                       ,PSO_POP_100_ALPHA_0_5_BETA_0_4_NR_ITER_100                                                                                             ,"{'suffix': 'PSO_POP_100_ALPHA_0_5_BETA_0_4_NR_ITER_100', 'size_of_population': 100, 'alpha': 0.5, 'beta': 0.4, 'max_iterations': 100}",12.1                  ,12.1                  ,nan                   ,12.1                 ,0.10939359664916992                    ,nan                                         ,nan                                   ,nan                                        ,nan                                               ,nan                                                    ,nan
15             ,75                        ,TSP_CITIES_SET_75_N_15.json,CPU               ,particle_swarm_tsp,nan                   ,nan     ,[]                 ,False                  ,nan                    ,nan        ,[]          ,nan                                       ,PSO_POP_100_ALPHA_0_5_BETA_0_4_NR_ITER_100                                                                                             ,"{'suffix': 'PSO_POP_100_ALPHA_0_5_BETA_0_4_NR_ITER_100', 'size_of_population': 100, 'alpha': 0.5, 'beta': 0.4, 'max_iterations': 100}",25.0                  ,25.0                  ,nan                   ,25.0                 ,0.1442110538482666                     ,nan                                         ,nan                                   ,nan                                        ,nan                                               ,nan                                                    ,nan
15             ,76                        ,TSP_CITIES_SET_76_N_15.json,CPU               ,particle_swarm_tsp,nan                   ,nan     ,[]                 ,False                  ,nan                    ,nan        ,[]          ,nan                                       ,PSO_POP_100_ALPHA_0_5_BETA_0_4_NR_ITER_100                                                                                             ,"{'suffix': 'PSO_POP_100_ALPHA_0_5_BETA_0_4_NR_ITER_100', 'size_of_population': 100, 'alpha': 0.5, 'beta': 0.4, 'max_iterations': 100}",17.2                  ,17.2                  ,nan                   ,17.2                 ,0.1249990463256836                     ,nan                                         ,nan                                   ,nan                                        ,nan                                               ,nan                                                    ,nan
15             ,77                        ,TSP_CITIES_SET_77_N_15.json,CPU               ,particle_swarm_tsp,nan                   ,nan     ,[]                 ,False                  ,nan                    ,nan        ,[]          ,nan                                       ,PSO_POP_100_ALPHA_0_5_BETA_0_4_NR_ITER_100                                                                                             ,"{'suffix': 'PSO_POP_100_ALPHA_0_5_BETA_0_4_NR_ITER_100', 'size_of_population': 100, 'alpha': 0.5, 'beta': 0.4, 'max_iterations': 100}",14.1                  ,14.1                  ,nan                   ,14.1                 ,0.14468169212341309                    ,nan                                         ,nan                                   ,nan                                        ,nan                                               ,nan                                                    ,nan
15             ,78                        ,TSP_CITIES_SET_78_N_15.json,CPU               ,particle_swarm_tsp,nan                   ,nan     ,[]                 ,False                  ,nan                    ,nan        ,[]          ,nan                                       ,PSO_POP_100_ALPHA_0_5_BETA_0_4_NR_ITER_100                                                                                             ,"{'suffix': 'PSO_POP_100_ALPHA_0_5_BETA_0_4_NR_ITER_100', 'size_of_population': 100, 'alpha': 0.5, 'beta': 0.4, 'max_iterations': 100}",12.5                  ,12.5                  ,nan                   ,12.5                 ,0.10937142372131348                    ,nan                                         ,nan                                   ,nan                                        ,nan                                               ,nan                                                    ,nan
15             ,79                        ,TSP_CITIES_SET_79_N_15.json,CPU               ,particle_swarm_tsp,nan                   ,nan     ,[]                 ,False                  ,nan                    ,nan        ,[]          ,nan                                       ,PSO_POP_100_ALPHA_0_5_BETA_0_4_NR_ITER_100                                                                                             ,"{'suffix': 'PSO_POP_100_ALPHA_0_5_BETA_0_4_NR_ITER_100', 'size_of_population': 100, 'alpha': 0.5, 'beta': 0.4, 'max_iterations': 100}",12.5                  ,12.5                  ,nan                   ,12.5                 ,0.10936999320983887                    ,nan                                         ,nan                                   ,nan                                        ,nan                                               ,nan                                                    ,nan
15             ,80                        ,TSP_CITIES_SET_80_N_15.json,CPU               ,particle_swarm_tsp,nan                   ,nan     ,[]                 ,False                  ,nan                    ,nan        ,[]          ,nan                                       ,PSO_POP_100_ALPHA_0_5_BETA_0_4_NR_ITER_100                                                                                             ,"{'suffix': 'PSO_POP_100_ALPHA_0_5_BETA_0_4_NR_ITER_100', 'size_of_population': 100, 'alpha': 0.5, 'beta': 0.4, 'max_iterations': 100}",23.6                  ,23.6                  ,nan                   ,23.6                 ,0.09375190734863281                    ,nan                                         ,nan                                   ,nan                                        ,nan                                               ,nan                                                    ,nan
15             ,81                        ,TSP_CITIES_SET_81_N_15.json,CPU               ,particle_swarm_tsp,nan                   ,nan     ,[]                 ,False                  ,nan                    ,nan        ,[]          ,nan                                       ,PSO_POP_100_ALPHA_0_5_BETA_0_4_NR_ITER_100                                                                                             ,"{'suffix': 'PSO_POP_100_ALPHA_0_5_BETA_0_4_NR_ITER_100', 'size_of_population': 100, 'alpha': 0.5, 'beta': 0.4, 'max_iterations': 100}",12.5                  ,12.5                  ,nan                   ,12.5                 ,0.14061784744262695                    ,nan                                         ,nan                                   ,nan                                        ,nan                                               ,nan                                                    ,nan
15             ,82                        ,TSP_CITIES_SET_82_N_15.json,CPU               ,particle_swarm_tsp,nan                   ,nan     ,[]                 ,False                  ,nan                    ,nan        ,[]          ,nan                                       ,PSO_POP_100_ALPHA_0_5_BETA_0_4_NR_ITER_100                                                                                             ,"{'suffix': 'PSO_POP_100_ALPHA_0_5_BETA_0_4_NR_ITER_100', 'size_of_population': 100, 'alpha': 0.5, 'beta': 0.4, 'max_iterations': 100}",12.5                  ,12.5                  ,nan                   ,12.5                 ,0.10937285423278809                    ,nan                                         ,nan                                   ,nan                                        ,nan                                               ,nan                                                    ,nan
15             ,83                        ,TSP_CITIES_SET_83_N_15.json,CPU               ,particle_swarm_tsp,nan                   ,nan     ,[]                 ,False                  ,nan                    ,nan        ,[]          ,nan                                       ,PSO_POP_100_ALPHA_0_5_BETA_0_4_NR_ITER_100                                                                                             ,"{'suffix': 'PSO_POP_100_ALPHA_0_5_BETA_0_4_NR_ITER_100', 'size_of_population': 100, 'alpha': 0.5, 'beta': 0.4, 'max_iterations': 100}",9.3                   ,9.3                   ,nan                   ,9.3                  ,0.07812047004699707                    ,nan                                         ,nan                                   ,nan                                        ,nan                                               ,nan                                                    ,nan
15             ,84                        ,TSP_CITIES_SET_84_N_15.json,CPU               ,particle_swarm_tsp,nan                   ,nan     ,[]                 ,False                  ,nan                    ,nan        ,[]          ,nan                                       ,PSO_POP_100_ALPHA_0_5_BETA_0_4_NR_ITER_100                                                                                             ,"{'suffix': 'PSO_POP_100_ALPHA_0_5_BETA_0_4_NR_ITER_100', 'size_of_population': 100, 'alpha': 0.5, 'beta': 0.4, 'max_iterations': 100}",12.7                  ,12.7                  ,nan                   ,12.7                 ,0.10937237739562988                    ,nan                                         ,nan                                   ,nan                                        ,nan                                               ,nan                                                    ,nan
15             ,85                        ,TSP_CITIES_SET_85_N_15.json,CPU               ,particle_swarm_tsp,nan                   ,nan     ,[]                 ,False                  ,nan                    ,nan        ,[]          ,nan                                       ,PSO_POP_100_ALPHA_0_5_BETA_0_4_NR_ITER_100                                                                                             ,"{'suffix': 'PSO_POP_100_ALPHA_0_5_BETA_0_4_NR_ITER_100', 'size_of_population': 100, 'alpha': 0.5, 'beta': 0.4, 'max_iterations': 100}",25.0                  ,25.0                  ,nan                   ,25.0                 ,0.14062047004699707                    ,nan                                         ,nan                                   ,nan                                        ,nan                                               ,nan                                                    ,nan
15             ,86                        ,TSP_CITIES_SET_86_N_15.json,CPU               ,particle_swarm_tsp,nan                   ,nan     ,[]                 ,False                  ,nan                    ,nan        ,[]          ,nan                                       ,PSO_POP_100_ALPHA_0_5_BETA_0_4_NR_ITER_100                                                                                             ,"{'suffix': 'PSO_POP_100_ALPHA_0_5_BETA_0_4_NR_ITER_100', 'size_of_population': 100, 'alpha': 0.5, 'beta': 0.4, 'max_iterations': 100}",12.5                  ,12.5                  ,nan                   ,12.5                 ,0.140625                               ,nan                                         ,nan                                   ,nan                                        ,nan                                               ,nan                                                    ,nan
15             ,87                        ,TSP_CITIES_SET_87_N_15.json,CPU               ,particle_swarm_tsp,nan                   ,nan     ,[]                 ,False                  ,nan                    ,nan        ,[]          ,nan                                       ,PSO_POP_100_ALPHA_0_5_BETA_0_4_NR_ITER_100                                                                                             ,"{'suffix': 'PSO_POP_100_ALPHA_0_5_BETA_0_4_NR_ITER_100', 'size_of_population': 100, 'alpha': 0.5, 'beta': 0.4, 'max_iterations': 100}",12.5                  ,12.5                  ,nan                   ,12.5                 ,0.14061880111694336                    ,nan                                         ,nan                                   ,nan                                        ,nan                                               ,nan                                                    ,nan
15             ,88                        ,TSP_CITIES_SET_88_N_15.json,CPU               ,particle_swarm_tsp,nan                   ,nan     ,[]                 ,False                  ,nan                    ,nan        ,[]          ,nan                                       ,PSO_POP_100_ALPHA_0_5_BETA_0_4_NR_ITER_100                                                                                             ,"{'suffix': 'PSO_POP_100_ALPHA_0_5_BETA_0_4_NR_ITER_100', 'size_of_population': 100, 'alpha': 0.5, 'beta': 0.4, 'max_iterations': 100}",12.5                  ,12.5                  ,nan                   ,12.5                 ,0.10937118530273438                    ,nan                                         ,nan                                   ,nan                                        ,nan                                               ,nan                                                    ,nan
15             ,89                        ,TSP_CITIES_SET_89_N_15.json,CPU               ,particle_swarm_tsp,nan                   ,nan     ,[]                 ,False                  ,nan                    ,nan        ,[]          ,nan                                       ,PSO_POP_100_ALPHA_0_5_BETA_0_4_NR_ITER_100                                                                                             ,"{'suffix': 'PSO_POP_100_ALPHA_0_5_BETA_0_4_NR_ITER_100', 'size_of_population': 100, 'alpha': 0.5, 'beta': 0.4, 'max_iterations': 100}",11.9                  ,11.9                  ,nan                   ,11.9                 ,0.12498283386230469                    ,nan                                         ,nan                                   ,nan                                        ,nan                                               ,nan                                                    ,nan
15             ,90                        ,TSP_CITIES_SET_90_N_15.json,CPU               ,particle_swarm_tsp,nan                   ,nan     ,[]                 ,False                  ,nan                    ,nan        ,[]          ,nan                                       ,PSO_POP_100_ALPHA_0_5_BETA_0_4_NR_ITER_100                                                                                             ,"{'suffix': 'PSO_POP_100_ALPHA_0_5_BETA_0_4_NR_ITER_100', 'size_of_population': 100, 'alpha': 0.5, 'beta': 0.4, 'max_iterations': 100}",12.5                  ,12.5                  ,nan                   ,12.5                 ,0.15624523162841797                    ,nan                                         ,nan                                   ,nan                                        ,nan                                               ,nan                                                    ,nan
15             ,91                        ,TSP_CITIES_SET_91_N_15.json,CPU               ,particle_swarm_tsp,nan                   ,nan     ,[]                 ,False                  ,nan                    ,nan        ,[]          ,nan                                       ,PSO_POP_100_ALPHA_0_5_BETA_0_4_NR_ITER_100                                                                                             ,"{'suffix': 'PSO_POP_100_ALPHA_0_5_BETA_0_4_NR_ITER_100', 'size_of_population': 100, 'alpha': 0.5, 'beta': 0.4, 'max_iterations': 100}",24.6                  ,24.6                  ,nan                   ,24.6                 ,0.10937285423278809                    ,nan                                         ,nan                                   ,nan                                        ,nan                                               ,nan                                                    ,nan
15             ,92                        ,TSP_CITIES_SET_92_N_15.json,CPU               ,particle_swarm_tsp,nan                   ,nan     ,[]                 ,False                  ,nan                    ,nan        ,[]          ,nan                                       ,PSO_POP_100_ALPHA_0_5_BETA_0_4_NR_ITER_100                                                                                             ,"{'suffix': 'PSO_POP_100_ALPHA_0_5_BETA_0_4_NR_ITER_100', 'size_of_population': 100, 'alpha': 0.5, 'beta': 0.4, 'max_iterations': 100}",10.9                  ,10.9                  ,nan                   ,10.9                 ,0.10936927795410156                    ,nan                                         ,nan                                   ,nan                                        ,nan                                               ,nan                                                    ,nan
15             ,93                        ,TSP_CITIES_SET_93_N_15.json,CPU               ,particle_swarm_tsp,nan                   ,nan     ,[]                 ,False                  ,nan                    ,nan        ,[]          ,nan                                       ,PSO_POP_100_ALPHA_0_5_BETA_0_4_NR_ITER_100                                                                                             ,"{'suffix': 'PSO_POP_100_ALPHA_0_5_BETA_0_4_NR_ITER_100', 'size_of_population': 100, 'alpha': 0.5, 'beta': 0.4, 'max_iterations': 100}",12.5                  ,12.5                  ,nan                   ,12.5                 ,0.17186760902404785                    ,nan                                         ,nan                                   ,nan                                        ,nan                                               ,nan                                                    ,nan
15             ,94                        ,TSP_CITIES_SET_94_N_15.json,CPU               ,particle_swarm_tsp,nan                   ,nan     ,[]                 ,False                  ,nan                    ,nan        ,[]          ,nan                                       ,PSO_POP_100_ALPHA_0_5_BETA_0_4_NR_ITER_100                                                                                             ,"{'suffix': 'PSO_POP_100_ALPHA_0_5_BETA_0_4_NR_ITER_100', 'size_of_population': 100, 'alpha': 0.5, 'beta': 0.4, 'max_iterations': 100}",16.1                  ,16.1                  ,nan                   ,16.1                 ,0.09374666213989258                    ,nan                                         ,nan                                   ,nan                                        ,nan                                               ,nan                                                    ,nan
15             ,95                        ,TSP_CITIES_SET_95_N_15.json,CPU               ,particle_swarm_tsp,nan                   ,nan     ,[]                 ,False                  ,nan                    ,nan        ,[]          ,nan                                       ,PSO_POP_100_ALPHA_0_5_BETA_0_4_NR_ITER_100                                                                                             ,"{'suffix': 'PSO_POP_100_ALPHA_0_5_BETA_0_4_NR_ITER_100', 'size_of_population': 100, 'alpha': 0.5, 'beta': 0.4, 'max_iterations': 100}",12.7                  ,12.7                  ,nan                   ,12.7                 ,0.09374666213989258                    ,nan                                         ,nan                                   ,nan                                        ,nan                                               ,nan                                                    ,nan
15             ,96                        ,TSP_CITIES_SET_96_N_15.json,CPU               ,particle_swarm_tsp,nan                   ,nan     ,[]                 ,False                  ,nan                    ,nan        ,[]          ,nan                                       ,PSO_POP_100_ALPHA_0_5_BETA_0_4_NR_ITER_100                                                                                             ,"{'suffix': 'PSO_POP_100_ALPHA_0_5_BETA_0_4_NR_ITER_100', 'size_of_population': 100, 'alpha': 0.5, 'beta': 0.4, 'max_iterations': 100}",25.4                  ,25.4                  ,nan                   ,25.4                 ,0.12499737739562988                    ,nan                                         ,nan                                   ,nan                                        ,nan                                               ,nan                                                    ,nan
15             ,97                        ,TSP_CITIES_SET_97_N_15.json,CPU               ,particle_swarm_tsp,nan                   ,nan     ,[]                 ,False                  ,nan                    ,nan        ,[]          ,nan                                       ,PSO_POP_100_ALPHA_0_5_BETA_0_4_NR_ITER_100                                                                                             ,"{'suffix': 'PSO_POP_100_ALPHA_0_5_BETA_0_4_NR_ITER_100', 'size_of_population': 100, 'alpha': 0.5, 'beta': 0.4, 'max_iterations': 100}",25.0                  ,25.0                  ,nan                   ,25.0                 ,0.1250298023223877                     ,nan                                         ,nan                                   ,nan                                        ,nan                                               ,nan                                                    ,nan
15             ,98                        ,TSP_CITIES_SET_98_N_15.json,CPU               ,particle_swarm_tsp,nan                   ,nan     ,[]                 ,False                  ,nan                    ,nan        ,[]          ,nan                                       ,PSO_POP_100_ALPHA_0_5_BETA_0_4_NR_ITER_100                                                                                             ,"{'suffix': 'PSO_POP_100_ALPHA_0_5_BETA_0_4_NR_ITER_100', 'size_of_population': 100, 'alpha': 0.5, 'beta': 0.4, 'max_iterations': 100}",10.2                  ,10.2                  ,nan                   ,10.2                 ,0.09374594688415527                    ,nan                                         ,nan                                   ,nan                                        ,nan                                               ,nan                                                    ,nan
15             ,99                        ,TSP_CITIES_SET_99_N_15.json,CPU               ,particle_swarm_tsp,nan                   ,nan     ,[]                 ,False                  ,nan                    ,nan        ,[]          ,nan                                       ,PSO_POP_100_ALPHA_0_5_BETA_0_4_NR_ITER_100                                                                                             ,"{'suffix': 'PSO_POP_100_ALPHA_0_5_BETA_0_4_NR_ITER_100', 'size_of_population': 100, 'alpha': 0.5, 'beta': 0.4, 'max_iterations': 100}",12.5                  ,12.5                  ,nan                   ,12.5                 ,0.10937261581420898                    ,nan                                         ,nan                                   ,nan                                        ,nan                                               ,nan                                                    ,nan
